0, 0, -1
0, 0, -1
0, 0, -1
0, 0, -1
0, 0, -1
0, 0, -1
0, 0, -1
0, 0, -1
0, 149, 142
0, 261, 251
0, 271, 260
0, 280, 269
0, 281, 270
0, 272, 261
0, 254, 243
0, 247, 237
0, 95, 90
0, 0, -1
0, 0, -1
0, 0, -1
0, 0, -1
0, 0, -1
0, 0, -1
0, 0, -1
0, 0, -1
0, 0, -1
0, 0, -1
0, 0, -1
0, 0, -1
0, 0, -1
0, 0, -1
0, 0, -1
0, 165, 157
0.05, 355, 341
0, 369, 354
0, 368, 354
0, 354, 340
0.96, 374, 359
1.29, 390, 375
1.53, 382, 367
0.29, 145, 138
0, 0, -1
0, 0, -1
0, 0, -1
0, 0, -1
0, 0, -1
0, 0, -1
0, 0, -1
0, 0, -1
0, 0, -1
0, 0, -1
0, 0, -1
0, 0, -1
0, 0, -1
0, 0, -1
0, 0, -1
0.68, 216, 207
0.59, 437, 420
0.17, 431, 415
0.02, 408, 392
0.93, 395, 380
1.48, 409, 393
1.24, 429, 412
1.63, 414, 398
0.51, 170, 163
0, 0, -1
0, 0, -1
0, 0, -1
0, 0, -1
0, 0, -1
0, 0, -1
0, 0, -1
0, 0, -1
0, 0, -1
0, 0, -1
0, 0, -1
0, 0, -1
0, 0, -1
0, 0, -1
0, 0, -1
0, 208, 198
1.24, 429, 413
1.4, 424, 408
1.25, 404, 388
1.24, 395, 379
1.36, 408, 392
1.54, 429, 412
1.62, 418, 402
0.53, 176, 167
0, 0, -1
0, 0, -1
0, 0, -1
0, 0, -1
0, 0, -1
0, 0, -1
0, 0, -1
0, 0, -1
0, 0, -1
0, 0, -1
0, 0, -1
0, 0, -1
0, 0, -1
0, 0, -1
0, 0, -1
0, 140, 133
0, 230, 220
0, 264, 253
0, 293, 281
0, 291, 279
0, 292, 280
0, 267, 256
0, 251, 240
0, 107, 101
0, 0, -1
0, 0, -1
0, 0, -1
0, 0, -1
0, 0, -1
0, 0, -1
0, 0, -1
0, 0, -1
0, 0, -1
0, 0, -1
0, 0, -1
0, 0, -1
0, 0, -1
0, 0, -1
0, 0, -1
0, 211, 202
1.29, 435, 418
1.43, 432, 415
1.26, 407, 391
1.25, 398, 383
1.38, 414, 398
1.57, 436, 419
1.64, 429, 413
0.55, 181, 173
0, 0, -1
0, 0, -1
0, 0, -1
0, 0, -1
0, 0, -1
0, 0, -1
0, 0, -1
0, 0, -1
0, 0, -1
0, 0, -1
0, 0, -1
0, 0, -1
0, 0, -1
0, 0, -1
0, 0, -1
0, 211, 202
1.26, 436, 419
1.44, 432, 416
1.27, 409, 393
1.26, 399, 383
1.38, 413, 397
1.56, 432, 415
1.62, 426, 410
0.55, 180, 172
0, 0, -1
0, 0, -1
0, 0, -1
0, 0, -1
0, 0, -1
0, 0, -1
0, 0, -1
0, 0, -1
0, 0, -1
0, 0, -1
0, 0, -1
0, 0, -1
0, 0, -1
0, 0, -1
0, 0, -1
0, 206, 197
1.22, 430, 413
1.42, 429, 413
1.26, 407, 391
1.23, 393, 378
1.34, 406, 390
1.5, 422, 405
1.59, 421, 405
0, 178, 170
0, 0, -1
0, 0, -1
0, 0, -1
0, 0, -1
0, 0, -1
0, 0, -1
0, 0, -1
0, 0, -1
0, 0, -1
0, 0, -1
0, 0, -1
0, 0, -1
0, 0, -1
0, 0, -1
0, 0, -1
0, 188, 179
0.97, 390, 374
1.14, 395, 380
0.88, 365, 350
0.92, 360, 346
1.02, 368, 354
1.28, 396, 381
1.2, 384, 369
0, 160, 152
0, 0, -1
0, 0, -1
0, 0, -1
0, 0, -1
0, 0, -1
0, 0, -1
0, 0, -1
0, 0, -1
0, 0, -1
0, 0, -1
0, 0, -1
0, 0, -1
0, 0, -1
0, 0, -1
0, 0, -1
0, 212, 203
1.24, 436, 419
1.45, 435, 418
1.3, 414, 398
1.27, 402, 386
1.41, 417, 401
1.64, 439, 422
1.74, 436, 420
0, 198, 188
0, 0, -1
0, 0, -1
0, 0, -1
0, 0, -1
0, 0, -1
0, 0, -1
0, 0, -1
0, 0, -1
0, 0, -1
0, 0, -1
0, 0, -1
0, 0, -1
0, 0, -1
0, 0, -1
0, 0, -1
0.53, 213, 203
1.63, 436, 419
1.46, 434, 417
1.3, 414, 398
1.28, 402, 386
1.4, 415, 399
1.58, 435, 418
1.65, 430, 413
0.61, 195, 186
0, 0, -1
0, 0, -1
0, 0, -1
0, 0, -1
0, 0, -1
0, 0, -1
0, 0, -1
0, 0, -1
0, 0, -1
0, 0, -1
0, 0, -1
0, 0, -1
0, 0, -1
0, 0, -1
0, 0, -1
0, 199, 190
0.86, 392, 376
0.98, 383, 368
0.69, 349, 335
0.66, 340, 326
0.76, 349, 335
0.95, 356, 342
1.22, 373, 358
0.52, 180, 172
0, 0, -1
0, 0, -1
0, 0, -1
0, 0, -1
0, 0, -1
0, 0, -1
0, 0, -1
0, 0, -1
0, 0, -1
0, 0, -1
0, 0, -1
0, 0, -1
0, 0, -1
0, 0, -1
0, 0, -1
0, 203, 194
1.09, 419, 402
1.33, 418, 402
1.21, 402, 387
1.17, 388, 373
1.28, 401, 385
1.45, 417, 401
1.51, 414, 397
0.58, 193, 184
0, 0, -1
0, 0, -1
0, 0, -1
0, 0, -1
0, 0, -1
0, 0, -1
0, 0, -1
0, 0, -1
0, 0, -1
0, 0, -1
0, 0, -1
0, 0, -1
0, 0, -1
0, 0, -1
0, 0, -1
0, 167, 159
0.59, 359, 345
0.96, 377, 363
0.93, 372, 357
0.93, 364, 350
1, 374, 359
1.11, 376, 362
1.23, 374, 359
0.49, 175, 167
0, 0, -1
0, 0, -1
0, 0, -1
0, 0, -1
0, 0, -1
0, 0, -1
0, 0, -1
0, 0, -1
0, 0, -1
0, 0, -1
0, 0, -1
0, 0, -1
0, 0, -1
0, 0, -1
0, 0, -1
0, 202, 193
1.07, 429, 412
1.04, 399, 383
0.73, 355, 341
0.69, 344, 330
0.78, 353, 339
0.93, 355, 341
1.02, 346, 332
0.3, 149, 143
0, 0, -1
0, 0, -1
0, 0, -1
0, 0, -1
0, 0, -1
0, 0, -1
0, 0, -1
0, 0, -1
0, 0, -1
0, 0, -1
0, 0, -1
0, 0, -1
0, 0, -1
0, 0, -1
0, 0, -1
0, 65, 60
0, 91, 86
0, 184, 176
0, 204, 195
0, 209, 200
0, 203, 194
0, 153, 146
0, 70, 64
0, 45, 41
0, 0, -1
0, 0, -1
0, 0, -1
0, 0, -1
0, 0, -1
0, 0, -1
0, 0, -1
0, 0, -1
0, 0, -1
0, 0, -1
0, 0, -1
0, 0, -1
0, 0, -1
0, 0, -1
0, 0, -1
0, 178, 170
0.77, 375, 360
1.01, 381, 366
0.75, 352, 338
0.82, 353, 339
0.9, 357, 343
1.15, 393, 378
1.01, 345, 331
0.23, 131, 125
0, 0, -1
0, 0, -1
0, 0, -1
0, 0, -1
0, 0, -1
0, 0, -1
0, 0, -1
0, 0, -1
0, 0, -1
0, 0, -1
0, 0, -1
0, 0, -1
0, 0, -1
0, 0, -1
0, 0, -1
0, 209, 200
1.17, 424, 407
1.44, 429, 412
1.29, 410, 394
1.26, 398, 382
1.36, 408, 392
1.59, 432, 416
1.63, 433, 417
0.4, 187, 178
0, 0, -1
0, 0, -1
0, 0, -1
0, 0, -1
0, 0, -1
0, 0, -1
0, 0, -1
0, 0, -1
0, 0, -1
0, 0, -1
0, 0, -1
0, 0, -1
0, 0, -1
0, 0, -1
0, 0, -1
0, 158, 151
0, 311, 298
0, 364, 349
0, 357, 343
0, 341, 327
0, 360, 345
0, 341, 328
0, 267, 256
0, 129, 123
0, 0, -1
0, 0, -1
0, 0, -1
0, 0, -1
0, 0, -1
0, 0, -1
0, 0, -1
0, 0, -1
0, 0, -1
0, 0, -1
0, 0, -1
0, 0, -1
0, 0, -1
0, 0, -1
0, 0, -1
0, 159, 152
0, 296, 284
0, 352, 338
0, 348, 334
0, 320, 307
0, 316, 303
0, 304, 292
0, 188, 180
0, 112, 106
0, 0, -1
0, 0, -1
0, 0, -1
0, 0, -1
0, 0, -1
0, 0, -1
0, 0, -1
0, 0, -1
0, 0, -1
0, 0, -1
0, 0, -1
0, 0, -1
0, 0, -1
0, 0, -1
0, 0, -1
0.54, 226, 216
1.79, 456, 438
1.6, 453, 436
1.44, 434, 417
1.41, 423, 407
1.52, 435, 419
1.71, 452, 435
1.73, 450, 432
0.44, 204, 195
0, 0, -1
0, 0, -1
0, 0, -1
0, 0, -1
0, 0, -1
0, 0, -1
0, 0, -1
0, 0, -1
0, 0, -1
0, 0, -1
0, 0, -1
0, 0, -1
0, 0, -1
0, 0, -1
0, 0, -1
0.7, 229, 220
1.83, 461, 443
1.62, 456, 438
1.46, 434, 417
1.42, 421, 404
1.53, 433, 416
1.72, 452, 434
1.75, 449, 431
0.45, 206, 197
0, 0, -1
0, 0, -1
0, 0, -1
0, 0, -1
0, 0, -1
0, 0, -1
0, 0, -1
0, 0, -1
0, 0, -1
0, 0, -1
0, 0, -1
0, 0, -1
0, 0, -1
0, 0, -1
0, 0, -1
0.71, 237, 227
1.83, 466, 448
1.61, 458, 440
1.43, 432, 415
1.38, 417, 401
1.48, 426, 410
1.66, 443, 426
1.69, 442, 425
0.46, 209, 200
0, 0, -1
0, 0, -1
0, 0, -1
0, 0, -1
0, 0, -1
0, 0, -1
0, 0, -1
0, 0, -1
0, 0, -1
0, 0, -1
0, 0, -1
0, 0, -1
0, 0, -1
0, 0, -1
0, 7, 4
0.71, 239, 229
1.81, 467, 448
1.61, 461, 443
1.44, 438, 421
1.41, 426, 410
1.52, 439, 422
1.7, 457, 439
1.76, 461, 443
0.49, 223, 214
0, 0, -1
0, 0, -1
0, 0, -1
0, 0, -1
0, 0, -1
0, 0, -1
0, 0, -1
0, 0, -1
0, 0, -1
0, 0, -1
0, 0, -1
0, 0, -1
0, 0, -1
0, 0, -1
0, 0, -1
0.61, 225, 215
1.66, 441, 424
1.5, 442, 425
1.33, 422, 406
1.27, 406, 390
1.37, 416, 400
1.56, 433, 416
1.59, 432, 415
0.48, 212, 203
0, 0, -1
0, 0, -1
0, 0, -1
0, 0, -1
0, 0, -1
0, 0, -1
0, 0, -1
0, 0, -1
0, 0, -1
0, 0, -1
0, 0, -1
0, 0, -1
0, 0, -1
0, 0, -1
0, 6, 4
0.74, 241, 231
1.88, 471, 452
1.67, 466, 448
1.51, 446, 429
1.48, 434, 418
1.59, 447, 430
1.78, 465, 447
1.8, 462, 444
0.51, 227, 218
0, 0, -1
0, 0, -1
0, 0, -1
0, 0, -1
0, 0, -1
0, 0, -1
0, 0, -1
0, 0, -1
0, 0, -1
0, 0, -1
0, 0, -1
0, 0, -1
0, 0, -1
0, 0, -1
0, 6, 4
0.72, 236, 226
1.83, 460, 442
1.64, 458, 440
1.5, 441, 424
1.46, 430, 413
1.55, 438, 421
1.69, 448, 431
1.72, 445, 428
0.51, 219, 210
0, 0, -1
0, 0, -1
0, 0, -1
0, 0, -1
0, 0, -1
0, 0, -1
0, 0, -1
0, 0, -1
0, 0, -1
0, 0, -1
0, 0, -1
0, 0, -1
0, 0, -1
0, 0, -1
0, 6, 4
0.69, 237, 227
1.74, 451, 433
1.59, 452, 434
1.44, 435, 418
1.39, 421, 405
1.47, 428, 411
1.66, 445, 428
1.7, 445, 428
0.53, 228, 218
0, 6, 4
0, 0, -1
0, 0, -1
0, 0, -1
0, 0, -1
0, 0, -1
0, 0, -1
0, 0, -1
0, 0, -1
0, 0, -1
0, 0, -1
0, 0, -1
0, 0, -1
0, 0, -1
0, 8, 5
0.72, 241, 231
1.78, 455, 438
1.6, 452, 434
1.46, 435, 418
1.43, 423, 407
1.54, 435, 418
1.73, 454, 436
1.77, 456, 438
0.55, 233, 224
0, 7, 4
0, 0, -1
0, 0, -1
0, 0, -1
0, 0, -1
0, 0, -1
0, 0, -1
0, 0, -1
0, 0, -1
0, 0, -1
0, 0, -1
0, 0, -1
0, 0, -1
0, 0, -1
0, 8, 5
0.77, 249, 239
1.89, 471, 453
1.7, 469, 451
1.55, 450, 432
1.51, 438, 421
1.6, 446, 429
1.77, 461, 443
1.8, 462, 444
0.57, 240, 230
0, 8, 5
0, 0, -1
0, 0, -1
0, 0, -1
0, 0, -1
0, 0, -1
0, 0, -1
0, 0, -1
0, 0, -1
0, 0, -1
0, 0, -1
0, 0, -1
0, 0, -1
0, 0, -1
0, 8, 5
0, 219, 210
1.41, 477, 459
1.39, 487, 468
0.6, 352, 338
0.54, 338, 324
0.27, 275, 264
0.02, 110, 104
0, 49, 45
0, 27, 24
0, 0, -1
0, 0, -1
0, 0, -1
0, 0, -1
0, 0, -1
0, 0, -1
0, 0, -1
0, 0, -1
0, 0, -1
0, 0, -1
0, 0, -1
0, 0, -1
0, 0, -1
0, 0, -1
0, 7, 4
0, 175, 167
0, 305, 292
0, 241, 231
0, 322, 310
0, 321, 308
0, 351, 337
0, 329, 316
1.09, 409, 393
0.56, 227, 218
0, 0, -1
0, 0, -1
0, 0, -1
0, 0, -1
0, 0, -1
0, 0, -1
0, 0, -1
0, 0, -1
0, 0, -1
0, 0, -1
0, 0, -1
0, 0, -1
0, 0, -1
0, 0, -1
0, 9, 6
0.71, 244, 234
1.72, 451, 434
1.55, 446, 429
1.4, 430, 413
1.41, 423, 407
1.49, 431, 414
1.65, 445, 428
1.69, 445, 427
0.61, 246, 236
0, 9, 6
0, 0, -1
0, 0, -1
0, 0, -1
0, 0, -1
0, 0, -1
0, 0, -1
0, 0, -1
0, 0, -1
0, 0, -1
0, 0, -1
0, 0, -1
0, 0, -1
0, 0, -1
0, 9, 6
0.65, 241, 231
1.64, 444, 427
1.44, 440, 423
1.27, 423, 406
1.25, 411, 395
1.39, 425, 409
1.57, 441, 424
1.62, 443, 426
0.58, 240, 230
0, 9, 6
0, 0, -1
0, 0, -1
0, 0, -1
0, 0, -1
0, 0, -1
0, 0, -1
0, 0, -1
0, 0, -1
0, 0, -1
0, 0, -1
0, 0, -1
0, 0, -1
0, 0, -1
0, 9, 6
0.6, 242, 231
1.59, 444, 427
1.47, 449, 432
1.37, 438, 421
1.4, 432, 415
1.5, 443, 426
1.66, 457, 439
1.67, 456, 438
0.63, 255, 244
0, 11, 7
0, 0, -1
0, 0, -1
0, 0, -1
0, 0, -1
0, 0, -1
0, 0, -1
0, 0, -1
0, 0, -1
0, 0, -1
0, 0, -1
0, 0, -1
0, 0, -1
0, 0, -1
0, 0, -1
0, 71, 65
0, 99, 93
0, 150, 143
0, 200, 191
0, 199, 190
0, 174, 166
0, 136, 129
0, 91, 85
0, 57, 52
0, 0, -1
0, 0, -1
0, 0, -1
0, 0, -1
0, 0, -1
0, 0, -1
0, 0, -1
0, 0, -1
0, 0, -1
0, 0, -1
0, 0, -1
0, 0, -1
0, 0, -1
0, 0, -1
0, 11, 8
0.94, 272, 261
1.92, 481, 462
1.76, 480, 461
1.61, 464, 446
1.57, 452, 434
1.65, 459, 441
1.79, 469, 451
1.8, 468, 450
0.7, 269, 258
0, 11, 8
0, 0, -1
0, 0, -1
0, 0, -1
0, 0, -1
0, 0, -1
0, 0, -1
0, 0, -1
0, 0, -1
0, 0, -1
0, 0, -1
0, 0, -1
0, 0, -1
0, 0, -1
0, 12, 9
0.98, 284, 272
2.03, 495, 476
1.84, 492, 473
1.69, 476, 457
1.65, 462, 444
1.74, 470, 452
1.9, 483, 464
1.93, 485, 466
0.74, 279, 268
0, 12, 8
0, 0, -1
0, 0, -1
0, 0, -1
0, 0, -1
0, 0, -1
0, 0, -1
0, 0, -1
0, 0, -1
0, 0, -1
0, 0, -1
0, 0, -1
0, 0, -1
0, 0, -1
0, 10, 7
0, 234, 224
1.09, 432, 416
1.3, 434, 417
1.21, 427, 411
1.19, 418, 402
1.24, 423, 407
1.58, 452, 434
1.58, 445, 428
0.73, 269, 258
0, 14, 10
0, 0, -1
0, 0, -1
0, 0, -1
0, 0, -1
0, 0, -1
0, 0, -1
0, 0, -1
0, 0, -1
0, 0, -1
0, 0, -1
0, 0, -1
0, 0, -1
0, 0, -1
0, 14, 10
0.98, 290, 278
2.01, 496, 476
1.8, 488, 469
1.66, 473, 454
1.62, 461, 443
1.7, 468, 450
1.88, 483, 465
1.93, 488, 469
0.78, 291, 279
0, 15, 10
0, 0, -1
0, 0, -1
0, 0, -1
0, 0, -1
0, 0, -1
0, 0, -1
0, 0, -1
0, 0, -1
0, 0, -1
0, 0, -1
0, 0, -1
0, 0, -1
0, 0, -1
0, 13, 10
0.72, 274, 262
1.81, 471, 453
1.64, 467, 449
1.52, 455, 437
1.48, 444, 427
1.54, 450, 433
1.68, 460, 442
1.8, 467, 449
0.77, 285, 273
0, 15, 11
0, 0, -1
0, 0, -1
0, 0, -1
0, 0, -1
0, 0, -1
0, 0, -1
0, 0, -1
0, 0, -1
0, 0, -1
0, 0, -1
0, 0, -1
0, 0, -1
0, 0, -1
0, 14, 10
0.69, 271, 259
1.76, 464, 446
1.62, 467, 449
1.45, 449, 432
1.37, 433, 417
1.48, 445, 428
1.65, 456, 439
1.73, 461, 443
0.77, 282, 271
0, 16, 11
0, 0, -1
0, 0, -1
0, 0, -1
0, 0, -1
0, 0, -1
0, 0, -1
0, 0, -1
0, 0, -1
0, 0, -1
0, 0, -1
0, 0, -1
0, 0, -1
0, 0, -1
0, 16, 12
1.05, 304, 292
2.07, 501, 482
1.85, 494, 475
1.71, 478, 459
1.67, 467, 449
1.76, 475, 456
1.9, 485, 466
1.94, 488, 469
0.65, 301, 289
0, 17, 12
0, 0, -1
0, 0, -1
0, 0, -1
0, 0, -1
0, 0, -1
0, 0, -1
0, 0, -1
0, 0, -1
0, 0, -1
0, 0, -1
0, 0, -1
0, 0, -1
0, 0, -1
0, 17, 13
0.99, 305, 292
2.09, 500, 481
1.88, 494, 474
1.74, 477, 459
1.7, 466, 448
1.8, 475, 457
1.99, 491, 472
2.04, 499, 480
0.74, 311, 298
0, 21, 18
0, 0, -1
0, 0, -1
0, 0, -1
0, 0, -1
0, 0, -1
0, 0, -1
0, 0, -1
0, 0, -1
0, 0, -1
0, 0, -1
0, 0, -1
0, 0, -1
0, 0, -1
0, 18, 14
0.94, 307, 294
2, 498, 479
1.81, 494, 475
1.67, 480, 461
1.62, 468, 450
1.7, 475, 456
1.86, 486, 467
1.91, 490, 471
0.88, 311, 298
0, 20, 17
0, 0, -1
0, 0, -1
0, 0, -1
0, 0, -1
0, 0, -1
0, 0, -1
0, 0, -1
0, 0, -1
0, 0, -1
0, 0, -1
0, 0, -1
0, 0, -1
0, 0, -1
0, 19, 15
0.97, 317, 304
2, 498, 479
1.79, 491, 472
1.62, 474, 455
1.6, 463, 445
1.69, 473, 455
1.82, 481, 462
1.85, 480, 462
0.98, 317, 304
0, 21, 17
0, 0, -1
0, 0, -1
0, 0, -1
0, 0, -1
0, 0, -1
0, 0, -1
0, 0, -1
0, 0, -1
0, 0, -1
0, 0, -1
0, 0, -1
0, 0, -1
0, 0, -1
0, 20, 17
1.03, 324, 311
2.11, 504, 485
1.89, 496, 477
1.74, 479, 461
1.71, 469, 451
1.82, 479, 461
1.97, 491, 472
2.03, 497, 478
0.95, 324, 311
0, 24, 21
0, 0, -1
0, 0, -1
0, 0, -1
0, 0, -1
0, 0, -1
0, 0, -1
0, 0, -1
0, 0, -1
0, 0, -1
0, 0, -1
0, 0, -1
0, 0, -1
0, 0, -1
0, 21, 17
0.99, 316, 303
1.9, 480, 462
1.75, 477, 458
1.57, 463, 445
1.47, 446, 429
1.51, 450, 433
1.65, 457, 440
1.76, 462, 444
0.94, 308, 295
0, 22, 19
0, 0, -1
0, 0, -1
0, 0, -1
0, 0, -1
0, 0, -1
0, 0, -1
0, 0, -1
0, 0, -1
0, 0, -1
0, 0, -1
0, 0, -1
0, 0, -1
0, 0, -1
0, 6, 4
0, 209, 200
0.64, 384, 369
1.21, 430, 414
0.76, 396, 381
0.59, 369, 354
0.76, 399, 383
0.43, 309, 297
0.04, 140, 134
0, 50, 46
0, 0, -1
0, 0, -1
0, 0, -1
0, 0, -1
0, 0, -1
0, 0, -1
0, 0, -1
0, 0, -1
0, 0, -1
0, 0, -1
0, 0, -1
0, 0, -1
0, 0, -1
0, 0, -1
0, 22, 18
0, 313, 300
0, 459, 441
0, 444, 427
0, 426, 409
0, 419, 403
0, 434, 417
0, 451, 434
0, 454, 437
0, 339, 326
0, 89, 83
0, 0, -1
0, 0, -1
0, 0, -1
0, 0, -1
0, 0, -1
0, 0, -1
0, 0, -1
0, 0, -1
0, 0, -1
0, 0, -1
0, 0, -1
0, 0, -1
0, 0, -1
0, 111, 105
1.72, 404, 388
2.21, 527, 506
2.06, 518, 498
1.91, 500, 480
1.88, 490, 471
1.97, 498, 479
2.14, 511, 492
2.24, 516, 497
1.99, 398, 382
0, 117, 111
0, 0, -1
0, 0, -1
0, 0, -1
0, 0, -1
0, 0, -1
0, 0, -1
0, 0, -1
0, 0, -1
0, 0, -1
0, 0, -1
0, 0, -1
0, 0, -1
0, 0, -1
0, 99, 93
1.42, 359, 345
1.91, 483, 464
1.75, 478, 459
1.58, 461, 443
1.57, 452, 434
1.61, 457, 439
1.73, 463, 445
1.76, 454, 437
1.52, 346, 332
0, 95, 90
0, 0, -1
0, 0, -1
0, 0, -1
0, 0, -1
0, 0, -1
0, 0, -1
0, 0, -1
0, 0, -1
0, 0, -1
0, 0, -1
0, 0, -1
0, 0, -1
0, 0, -1
0, 45, 41
0, 21, 18
0, 235, 225
0, 174, 166
0, 225, 216
0, 207, 198
0, 366, 351
1.55, 475, 457
2.06, 530, 509
1.41, 356, 342
0.1, 56, 52
0, 0, -1
0, 0, -1
0, 0, -1
0, 0, -1
0, 0, -1
0, 0, -1
0, 0, -1
0, 0, -1
0, 0, -1
0, 0, -1
0, 0, -1
0, 0, -1
0, 0, -1
0, 71, 65
0, 173, 165
0, 252, 241
0, 307, 294
0, 327, 314
0, 300, 288
0, 350, 336
0, 245, 235
0, 352, 338
0, 172, 164
0, 32, 27
0, 0, -1
0, 0, -1
0, 0, -1
0, 0, -1
0, 0, -1
0, 0, -1
0, 0, -1
0, 0, -1
0, 0, -1
0, 0, -1
0, 0, -1
0, 0, -1
0, 0, -1
0, 102, 97
1.15, 357, 342
1.66, 462, 444
1.38, 461, 443
0.96, 413, 397
1.13, 417, 401
0.8, 420, 404
1.2, 417, 400
1.15, 385, 370
0.92, 280, 269
0.13, 82, 77
0, 0, -1
0, 0, -1
0, 0, -1
0, 0, -1
0, 0, -1
0, 0, -1
0, 0, -1
0, 0, -1
0, 0, -1
0, 0, -1
0, 0, -1
0, 0, -1
0, 0, -1
0, 110, 104
1.45, 372, 357
1.78, 475, 457
1.55, 469, 451
1.42, 460, 442
1.41, 451, 434
1.4, 451, 433
1.56, 456, 439
1.62, 449, 431
1.4, 342, 328
0.23, 102, 96
0, 0, -1
0, 0, -1
0, 0, -1
0, 0, -1
0, 0, -1
0, 0, -1
0, 0, -1
0, 0, -1
0, 0, -1
0, 0, -1
0, 0, -1
0, 0, -1
0, 0, -1
0, 135, 128
2.03, 427, 411
2.28, 523, 510
2.16, 518, 510
2.03, 518, 498
1.99, 507, 488
2.09, 515, 496
2.25, 528, 508
2.34, 516, 510
2.19, 427, 410
0, 137, 131
0, 0, -1
0, 0, -1
0, 0, -1
0, 0, -1
0, 0, -1
0, 0, -1
0, 0, -1
0, 0, -1
0, 0, -1
0, 0, -1
0, 0, -1
0, 0, -1
0, 0, -1
0, 117, 110
1.35, 380, 365
1.89, 486, 467
1.86, 494, 475
1.72, 481, 462
1.67, 469, 451
1.75, 476, 457
1.88, 483, 465
1.91, 476, 458
1.73, 380, 365
0, 121, 115
0, 0, -1
0, 0, -1
0, 0, -1
0, 0, -1
0, 0, -1
0, 0, -1
0, 0, -1
0, 0, -1
0, 0, -1
0, 0, -1
0, 0, -1
0, 0, -1
0, 0, -1
0, 119, 113
1.17, 363, 349
1.58, 452, 435
1.54, 461, 444
1.51, 462, 444
1.47, 453, 435
1.43, 450, 432
1.62, 457, 439
1.7, 451, 433
1.47, 352, 338
0, 112, 106
0, 0, -1
0, 0, -1
0, 0, -1
0, 0, -1
0, 0, -1
0, 0, -1
0, 0, -1
0, 0, -1
0, 0, -1
0, 0, -1
0, 0, -1
0, 0, -1
0, 0, -1
0, 148, 141
1.93, 434, 417
2.26, 526, 505
2.1, 518, 498
1.96, 503, 484
1.9, 491, 473
1.97, 496, 477
2.08, 503, 484
2.12, 496, 478
1.92, 403, 387
0, 130, 124
0, 0, -1
0, 0, -1
0, 0, -1
0, 0, -1
0, 0, -1
0, 0, -1
0, 0, -1
0, 0, -1
0, 0, -1
0, 0, -1
0, 0, -1
0, 0, -1
0, 0, -1
0.55, 156, 149
2.3, 454, 436
2.34, 528, 510
2.23, 523, 510
2.12, 526, 506
2.08, 516, 497
2.16, 522, 502
2.3, 515, 510
2.4, 516, 510
2.25, 438, 421
0, 148, 141
0, 0, -1
0, 0, -1
0, 0, -1
0, 0, -1
0, 0, -1
0, 0, -1
0, 0, -1
0, 0, -1
0, 0, -1
0, 0, -1
0, 0, -1
0, 0, -1
0, 0, -1
0.51, 159, 152
2.22, 450, 433
2.25, 519, 510
2.12, 528, 507
2, 515, 495
1.97, 506, 486
2.05, 512, 493
2.2, 521, 502
2.3, 524, 504
2.13, 433, 416
0, 147, 140
0, 0, -1
0, 0, -1
0, 0, -1
0, 0, -1
0, 0, -1
0, 0, -1
0, 0, -1
0, 0, -1
0, 0, -1
0, 0, -1
0, 0, -1
0, 0, -1
0, 0, -1
0, 136, 129
0.97, 373, 358
1.44, 445, 428
1.52, 476, 458
1.23, 456, 438
1.35, 456, 438
1.3, 459, 441
1.48, 465, 447
1.45, 441, 424
1.45, 369, 355
0.32, 129, 123
0, 0, -1
0, 0, -1
0, 0, -1
0, 0, -1
0, 0, -1
0, 0, -1
0, 0, -1
0, 0, -1
0, 0, -1
0, 0, -1
0, 0, -1
0, 0, -1
0, 0, -1
0, 127, 121
1.08, 362, 347
1.31, 430, 413
1.28, 450, 433
1.19, 453, 435
1.23, 446, 429
1.2, 449, 431
1.33, 445, 427
1.37, 426, 409
1.31, 352, 338
0.31, 126, 120
0, 0, -1
0, 0, -1
0, 0, -1
0, 0, -1
0, 0, -1
0, 0, -1
0, 0, -1
0, 0, -1
0, 0, -1
0, 0, -1
0, 0, -1
0, 0, -1
0, 0, -1
0, 0, -1
0, 14, 10
0, 20, 17
0, 31, 26
0, 203, 194
0, 366, 352
0, 324, 311
1.81, 527, 507
2.56, 556, 510
2.22, 481, 462
0.41, 152, 145
0, 0, -1
0, 0, -1
0, 0, -1
0, 0, -1
0, 0, -1
0, 0, -1
0, 0, -1
0, 0, -1
0, 0, -1
0, 0, -1
0, 0, -1
0, 0, -1
0, 0, -1
0.45, 164, 157
1.94, 439, 422
1.91, 498, 479
1.83, 504, 485
1.65, 492, 473
1.7, 487, 468
1.83, 496, 477
2.06, 510, 491
2.2, 510, 491
2.11, 442, 425
0.26, 162, 154
0, 0, -1
0, 0, -1
0, 0, -1
0, 0, -1
0, 0, -1
0, 0, -1
0, 0, -1
0, 0, -1
0, 0, -1
0, 0, -1
0, 0, -1
0, 0, -1
0, 0, -1
0.46, 175, 167
1.78, 439, 422
1.78, 496, 477
1.66, 500, 481
1.57, 496, 477
1.48, 483, 464
1.51, 484, 465
1.69, 490, 471
1.82, 484, 465
1.82, 423, 406
0, 158, 151
0, 0, -1
0, 0, -1
0, 0, -1
0, 0, -1
0, 0, -1
0, 0, -1
0, 0, -1
0, 0, -1
0, 0, -1
0, 0, -1
0, 0, -1
0, 0, -1
0, 0, -1
0, 38, 34
0, 182, 174
0, 241, 231
0, 396, 381
0, 324, 311
0, 207, 197
0, 191, 183
0, 61, 56
0, 20, 17
0, 26, 22
0, 7, 4
0, 0, -1
0, 0, -1
0, 0, -1
0, 0, -1
0, 0, -1
0, 0, -1
0, 0, -1
0, 0, -1
0, 0, -1
0, 0, -1
0, 0, -1
0, 0, -1
0, 0, -1
0, 160, 153
0.63, 366, 351
1.07, 410, 394
1.05, 433, 417
1.03, 437, 421
1.05, 436, 419
1.08, 438, 421
1.04, 424, 408
1.07, 394, 379
1.08, 337, 324
0.31, 128, 122
0, 0, -1
0, 0, -1
0, 0, -1
0, 0, -1
0, 0, -1
0, 0, -1
0, 0, -1
0, 0, -1
0, 0, -1
0, 0, -1
0, 0, -1
0, 0, -1
0, 0, -1
0, 25, 21
0, 15, 11
0, 23, 19
0, 41, 37
0, 336, 322
0, 319, 306
1.16, 584, 510
0.1, 211, 202
0, 183, 175
1.77, 482, 463
0.63, 197, 189
0, 0, -1
0, 0, -1
0, 0, -1
0, 0, -1
0, 0, -1
0, 0, -1
0, 0, -1
0, 0, -1
0, 0, -1
0, 0, -1
0, 0, -1
0, 0, -1
0, 0, -1
0.83, 203, 194
2.09, 479, 460
2, 512, 492
1.87, 513, 493
1.72, 504, 484
1.8, 502, 483
1.81, 503, 484
1.91, 503, 484
2.06, 503, 483
2.03, 448, 431
0.53, 178, 170
0, 0, -1
0, 0, -1
0, 0, -1
0, 0, -1
0, 0, -1
0, 0, -1
0, 0, -1
0, 0, -1
0, 0, -1
0, 0, -1
0, 0, -1
0, 0, -1
0, 0, -1
0, 190, 182
2.23, 505, 485
2.23, 517, 510
2.12, 529, 509
2, 519, 500
1.98, 511, 492
2.03, 514, 495
2.13, 518, 499
2.22, 514, 495
2.15, 459, 441
0, 181, 173
0, 0, -1
0, 0, -1
0, 0, -1
0, 0, -1
0, 0, -1
0, 0, -1
0, 0, -1
0, 0, -1
0, 0, -1
0, 0, -1
0, 0, -1
0, 0, -1
0, 0, -1
0.65, 200, 191
2.54, 530, 509
2.46, 545, 510
2.34, 537, 510
2.24, 525, 510
2.21, 517, 510
2.26, 519, 510
2.37, 524, 510
2.46, 522, 510
2.3, 473, 455
0, 188, 180
0, 0, -1
0, 0, -1
0, 0, -1
0, 0, -1
0, 0, -1
0, 0, -1
0, 0, -1
0, 0, -1
0, 0, -1
0, 0, -1
0, 0, -1
0, 0, -1
0, 0, -1
0, 186, 177
1.81, 486, 467
2.11, 519, 499
1.9, 512, 493
1.68, 497, 479
1.65, 489, 470
1.6, 485, 467
1.76, 487, 469
1.84, 477, 459
1.62, 411, 395
0, 166, 158
0, 0, -1
0, 0, -1
0, 0, -1
0, 0, -1
0, 0, -1
0, 0, -1
0, 0, -1
0, 0, -1
0, 0, -1
0, 0, -1
0, 0, -1
0, 0, -1
0, 0, -1
0, 167, 160
1.13, 411, 395
1.46, 446, 429
1.5, 479, 460
1.5, 479, 460
1.49, 473, 455
1.58, 479, 461
1.65, 481, 462
1.73, 470, 452
1.61, 407, 391
0.32, 172, 164
0, 0, -1
0, 0, -1
0, 0, -1
0, 0, -1
0, 0, -1
0, 0, -1
0, 0, -1
0, 0, -1
0, 0, -1
0, 0, -1
0, 0, -1
0, 0, -1
0, 0, -1
0.72, 217, 208
2.73, 524, 510
2.62, 542, 510
2.49, 534, 510
2.39, 521, 510
2.39, 513, 510
2.46, 515, 510
2.58, 526, 510
2.67, 525, 510
2.54, 488, 469
0.11, 207, 198
0, 0, -1
0, 0, -1
0, 0, -1
0, 0, -1
0, 0, -1
0, 0, -1
0, 0, -1
0, 0, -1
0, 0, -1
0, 0, -1
0, 0, -1
0, 0, -1
0, 0, -1
0.81, 220, 211
2.59, 514, 510
2.52, 535, 510
2.4, 531, 510
2.32, 521, 510
2.31, 514, 510
2.39, 520, 510
2.52, 527, 510
2.62, 528, 510
2.5, 494, 475
0.11, 211, 202
0, 0, -1
0, 0, -1
0, 0, -1
0, 0, -1
0, 0, -1
0, 0, -1
0, 0, -1
0, 0, -1
0, 0, -1
0, 0, -1
0, 0, -1
0, 0, -1
0, 0, -1
0.86, 233, 223
2.75, 535, 510
2.64, 555, 510
2.51, 547, 510
2.4, 535, 510
2.39, 526, 510
2.44, 527, 510
2.55, 531, 510
2.62, 527, 510
2.46, 492, 473
0.1, 207, 199
0, 0, -1
0, 0, -1
0, 0, -1
0, 0, -1
0, 0, -1
0, 0, -1
0, 0, -1
0, 0, -1
0, 0, -1
0, 0, -1
0, 0, -1
0, 0, -1
0, 0, -1
0.85, 231, 221
2.5, 518, 510
2.41, 538, 510
2.31, 533, 510
2.2, 523, 510
2.18, 517, 510
2.24, 518, 510
2.35, 522, 510
2.45, 521, 510
2.33, 488, 469
0.1, 209, 201
0, 0, -1
0, 0, -1
0, 0, -1
0, 0, -1
0, 0, -1
0, 0, -1
0, 0, -1
0, 0, -1
0, 0, -1
0, 0, -1
0, 0, -1
0, 0, -1
0, 0, -1
0.88, 237, 227
2.49, 517, 510
2.41, 536, 510
2.31, 532, 510
2.2, 522, 510
2.13, 527, 507
2.21, 513, 510
2.35, 518, 510
2.43, 516, 510
2.18, 484, 465
0, 174, 166
0, 0, -1
0, 0, -1
0, 0, -1
0, 0, -1
0, 0, -1
0, 0, -1
0, 0, -1
0, 0, -1
0, 0, -1
0, 0, -1
0, 0, -1
0, 0, -1
0, 0, -1
1.05, 262, 252
1.89, 509, 490
0.25, 265, 254
0.46, 313, 300
2.14, 536, 510
2.56, 562, 510
2.57, 552, 510
2.73, 566, 510
2.8, 560, 510
2.5, 520, 510
0.07, 201, 192
0, 0, -1
0, 0, -1
0, 0, -1
0, 0, -1
0, 0, -1
0, 0, -1
0, 0, -1
0, 0, -1
0, 0, -1
0, 0, -1
0, 0, -1
0, 0, -1
0, 6, 4
1.3, 267, 256
2.84, 556, 510
2.77, 575, 510
2.61, 569, 510
2.51, 556, 510
2.51, 548, 510
2.57, 549, 510
2.7, 553, 510
2.77, 549, 510
2.52, 523, 503
0.07, 195, 186
0, 0, -1
0, 0, -1
0, 0, -1
0, 0, -1
0, 0, -1
0, 0, -1
0, 0, -1
0, 0, -1
0, 0, -1
0, 0, -1
0, 0, -1
0, 0, -1
0, 6, 4
1.16, 262, 252
2.79, 542, 510
2.68, 561, 510
2.57, 556, 510
2.47, 545, 510
2.46, 536, 510
2.52, 537, 510
2.63, 541, 510
2.73, 539, 510
2.48, 515, 495
0.07, 195, 187
0, 0, -1
0, 0, -1
0, 0, -1
0, 0, -1
0, 0, -1
0, 0, -1
0, 0, -1
0, 0, -1
0, 0, -1
0, 0, -1
0, 0, -1
0, 0, -1
0, 0, -1
0, 60, 56
0, 81, 76
0, 143, 136
0, 201, 193
0, 252, 242
0, 281, 269
0, 264, 253
0, 217, 208
0, 137, 131
0, 91, 86
0, 55, 51
0, 0, -1
0, 0, -1
0, 0, -1
0, 0, -1
0, 0, -1
0, 0, -1
0, 0, -1
0, 0, -1
0, 0, -1
0, 0, -1
0, 0, -1
0, 0, -1
0, 8, 5
1.27, 269, 258
2.58, 526, 510
2.52, 547, 510
2.39, 541, 510
2.32, 533, 510
2.31, 527, 510
2.37, 528, 510
2.46, 529, 510
2.53, 527, 510
2.31, 509, 490
0.45, 196, 187
0, 0, -1
0, 0, -1
0, 0, -1
0, 0, -1
0, 0, -1
0, 0, -1
0, 0, -1
0, 0, -1
0, 0, -1
0, 0, -1
0, 0, -1
0, 0, -1
0, 9, 6
1.2, 275, 264
2.76, 530, 510
2.66, 548, 510
2.55, 542, 510
2.47, 533, 510
2.47, 525, 510
2.52, 527, 510
2.63, 530, 510
2.73, 527, 510
2.49, 513, 494
0.08, 198, 190
0, 0, -1
0, 0, -1
0, 0, -1
0, 0, -1
0, 0, -1
0, 0, -1
0, 0, -1
0, 0, -1
0, 0, -1
0, 0, -1
0, 0, -1
0, 0, -1
0, 9, 6
1.21, 270, 259
2.53, 527, 507
2.46, 530, 510
2.34, 526, 510
2.26, 517, 510
2.26, 511, 510
2.32, 514, 510
2.44, 516, 510
2.51, 511, 510
2.32, 496, 477
0.08, 196, 187
0, 0, -1
0, 0, -1
0, 0, -1
0, 0, -1
0, 0, -1
0, 0, -1
0, 0, -1
0, 0, -1
0, 0, -1
0, 0, -1
0, 0, -1
0, 0, -1
0, 9, 6
1.17, 275, 263
2.49, 515, 510
2.54, 546, 510
2.44, 543, 510
2.36, 536, 510
2.38, 530, 510
2.46, 534, 510
2.54, 535, 510
2.58, 528, 510
2.35, 510, 490
0.08, 202, 193
0, 0, -1
0, 0, -1
0, 0, -1
0, 0, -1
0, 0, -1
0, 0, -1
0, 0, -1
0, 0, -1
0, 0, -1
0, 0, -1
0, 0, -1
0, 0, -1
0, 9, 6
0.67, 236, 226
1.88, 463, 445
1.85, 502, 484
1.8, 514, 495
1.69, 510, 491
1.6, 499, 480
1.77, 507, 488
1.98, 511, 491
2.12, 505, 486
1.96, 473, 455
0.07, 190, 181
0, 0, -1
0, 0, -1
0, 0, -1
0, 0, -1
0, 0, -1
0, 0, -1
0, 0, -1
0, 0, -1
0, 0, -1
0, 0, -1
0, 0, -1
0, 0, -1
0, 11, 8
1.09, 261, 251
2.04, 470, 452
1.99, 506, 487
1.76, 496, 478
1.59, 489, 470
1.62, 485, 467
1.71, 493, 474
1.82, 489, 471
1.77, 466, 448
1.5, 406, 390
0, 170, 162
0, 0, -1
0, 0, -1
0, 0, -1
0, 0, -1
0, 0, -1
0, 0, -1
0, 0, -1
0, 0, -1
0, 0, -1
0, 0, -1
0, 0, -1
0, 0, -1
0, 13, 9
1.15, 283, 271
2.35, 519, 499
2.27, 528, 510
2.16, 527, 510
2.08, 521, 510
2.16, 520, 510
2.26, 526, 510
2.43, 530, 510
2.53, 527, 510
2.36, 516, 496
0.09, 218, 208
0, 0, -1
0, 0, -1
0, 0, -1
0, 0, -1
0, 0, -1
0, 0, -1
0, 0, -1
0, 0, -1
0, 0, -1
0, 0, -1
0, 0, -1
0, 0, -1
0, 15, 10
1.29, 307, 295
2.61, 530, 510
2.56, 549, 510
2.49, 549, 510
2.4, 541, 510
2.41, 534, 510
2.5, 538, 510
2.62, 543, 510
2.69, 537, 510
2.5, 527, 507
0.09, 223, 214
0, 0, -1
0, 0, -1
0, 0, -1
0, 0, -1
0, 0, -1
0, 0, -1
0, 0, -1
0, 0, -1
0, 0, -1
0, 0, -1
0, 0, -1
0, 0, -1
0, 16, 12
1.42, 320, 307
2.71, 546, 510
2.54, 558, 510
2.48, 559, 510
2.41, 553, 510
2.41, 548, 510
2.5, 552, 510
2.62, 556, 510
2.73, 554, 510
2.52, 526, 510
0.09, 232, 222
0, 0, -1
0, 0, -1
0, 0, -1
0, 0, -1
0, 0, -1
0, 0, -1
0, 0, -1
0, 0, -1
0, 0, -1
0, 0, -1
0, 0, -1
0, 0, -1
0, 20, 17
1.48, 346, 332
2.98, 579, 510
2.91, 593, 510
2.83, 586, 510
2.77, 577, 510
2.75, 568, 510
2.78, 568, 510
2.86, 568, 510
2.9, 563, 510
2.64, 530, 510
0.1, 234, 224
0, 0, -1
0, 0, -1
0, 0, -1
0, 0, -1
0, 0, -1
0, 0, -1
0, 0, -1
0, 0, -1
0, 0, -1
0, 0, -1
0, 0, -1
0, 0, -1
0, 23, 21
1.5, 334, 320
2.96, 551, 510
2.87, 581, 510
2.17, 587, 510
0.38, 386, 371
0.4, 388, 373
0.45, 369, 355
0.28, 303, 291
0.18, 220, 211
0.07, 127, 121
0, 67, 62
0, 0, -1
0, 0, -1
0, 0, -1
0, 0, -1
0, 0, -1
0, 0, -1
0, 0, -1
0, 0, -1
0, 0, -1
0, 0, -1
0, 0, -1
0, 0, -1
0, 18, 15
1.23, 298, 286
2.21, 500, 481
2.09, 521, 501
1.95, 522, 502
1.95, 523, 503
2.04, 522, 502
2.15, 527, 507
2.24, 526, 506
2.33, 518, 499
2.29, 496, 478
0.09, 218, 209
0, 0, -1
0, 0, -1
0, 0, -1
0, 0, -1
0, 0, -1
0, 0, -1
0, 0, -1
0, 0, -1
0, 0, -1
0, 0, -1
0, 0, -1
0, 0, -1
0, 20, 17
1.45, 315, 302
2.4, 518, 498
2.31, 514, 510
2.24, 515, 510
2.12, 527, 507
2.08, 519, 499
2.19, 523, 503
2.34, 526, 506
2.44, 522, 502
2.31, 492, 473
0.09, 217, 208
0, 0, -1
0, 0, -1
0, 0, -1
0, 0, -1
0, 0, -1
0, 0, -1
0, 0, -1
0, 0, -1
0, 0, -1
0, 0, -1
0, 0, -1
0, 0, -1
0, 20, 17
1.32, 317, 305
2.7, 562, 510
2.72, 573, 510
1.75, 517, 510
0.29, 355, 341
0.08, 295, 283
0, 50, 46
0, 102, 97
0, 30, 26
0, 11, 8
0, 9, 7
0, 0, -1
0, 0, -1
0, 0, -1
0, 0, -1
0, 0, -1
0, 0, -1
0, 0, -1
0, 0, -1
0, 0, -1
0, 0, -1
0, 0, -1
0, 0, -1
0, 103, 97
2.28, 397, 382
2.78, 546, 510
2.77, 556, 510
2.63, 553, 510
2.51, 542, 510
2.51, 537, 510
2.55, 536, 510
2.62, 535, 510
2.7, 529, 510
2.44, 516, 497
0.1, 232, 223
0, 0, -1
0, 0, -1
0, 0, -1
0, 0, -1
0, 0, -1
0, 0, -1
0, 0, -1
0, 0, -1
0, 0, -1
0, 0, -1
0, 0, -1
0, 0, -1
0, 98, 93
2.19, 385, 369
2.6, 521, 510
2.6, 533, 510
2.5, 530, 510
2.41, 522, 510
2.43, 516, 510
2.48, 517, 510
2.55, 515, 510
2.59, 528, 508
2.37, 491, 472
0.1, 224, 214
0, 0, -1
0, 0, -1
0, 0, -1
0, 0, -1
0, 0, -1
0, 0, -1
0, 0, -1
0, 0, -1
0, 0, -1
0, 0, -1
0, 0, -1
0, 0, -1
0, 94, 89
1.65, 348, 335
2.12, 491, 473
2.03, 508, 489
1.95, 515, 495
1.85, 510, 491
1.9, 508, 489
1.99, 511, 491
2.14, 511, 492
2.25, 499, 480
2.18, 470, 451
0.09, 221, 212
0, 0, -1
0, 0, -1
0, 0, -1
0, 0, -1
0, 0, -1
0, 0, -1
0, 0, -1
0, 0, -1
0, 0, -1
0, 0, -1
0, 0, -1
0, 0, -1
0, 96, 91
1.41, 343, 330
1.7, 464, 446
1.77, 499, 481
1.76, 511, 492
1.68, 512, 493
1.69, 513, 494
1.77, 515, 495
1.95, 514, 494
2.09, 505, 486
1.93, 462, 444
0.09, 221, 212
0, 0, -1
0, 0, -1
0, 0, -1
0, 0, -1
0, 0, -1
0, 0, -1
0, 0, -1
0, 0, -1
0, 0, -1
0, 0, -1
0, 0, -1
0, 0, -1
0, 100, 95
1.33, 344, 331
1.85, 483, 464
1.74, 501, 482
1.66, 505, 486
1.63, 509, 490
1.74, 505, 486
1.66, 503, 484
1.86, 508, 488
1.91, 491, 472
1.75, 437, 420
0.08, 220, 210
0, 6, 4
0, 0, -1
0, 0, -1
0, 0, -1
0, 0, -1
0, 0, -1
0, 0, -1
0, 0, -1
0, 0, -1
0, 0, -1
0, 0, -1
0, 0, -1
0, 116, 109
1.9, 390, 374
2.36, 518, 510
2.3, 530, 510
2.19, 529, 510
2.14, 525, 510
2.15, 520, 510
2.24, 523, 510
2.31, 521, 510
2.32, 526, 506
2.11, 481, 463
0.09, 226, 217
0, 0, -1
0, 0, -1
0, 0, -1
0, 0, -1
0, 0, -1
0, 0, -1
0, 0, -1
0, 0, -1
0, 0, -1
0, 0, -1
0, 0, -1
0, 0, -1
0, 135, 128
2.17, 432, 416
2.84, 566, 510
2.86, 579, 510
2.79, 576, 510
2.7, 570, 510
2.73, 564, 510
2.77, 565, 510
2.84, 565, 510
2.84, 557, 510
2.57, 522, 510
0.11, 256, 246
0, 7, 4
0, 0, -1
0, 0, -1
0, 0, -1
0, 0, -1
0, 0, -1
0, 0, -1
0, 0, -1
0, 0, -1
0, 0, -1
0, 0, -1
0, 0, -1
0, 127, 121
1.94, 413, 397
2.47, 535, 510
2.48, 548, 510
2.37, 548, 510
2.32, 543, 510
2.3, 536, 510
2.35, 536, 510
2.43, 534, 510
2.48, 524, 510
2.26, 503, 483
0.1, 240, 230
0, 7, 4
0, 0, -1
0, 0, -1
0, 0, -1
0, 0, -1
0, 0, -1
0, 0, -1
0, 0, -1
0, 0, -1
0, 0, -1
0, 0, -1
0, 0, -1
0, 139, 132
2.09, 433, 416
2.68, 548, 510
2.71, 561, 510
2.63, 560, 510
2.57, 554, 510
2.58, 549, 510
2.62, 548, 510
2.72, 548, 510
2.77, 540, 510
2.52, 525, 505
0.11, 256, 245
0, 8, 5
0, 0, -1
0, 0, -1
0, 0, -1
0, 0, -1
0, 0, -1
0, 0, -1
0, 0, -1
0, 0, -1
0, 0, -1
0, 0, -1
0, 0, -1
0, 140, 133
2, 434, 417
2.45, 536, 510
2.51, 554, 510
2.36, 553, 510
2.36, 549, 510
2.39, 548, 510
2.37, 545, 510
2.45, 543, 510
2.28, 519, 510
2.02, 482, 463
0.09, 236, 226
0, 6, 4
0, 0, -1
0, 0, -1
0, 0, -1
0, 0, -1
0, 0, -1
0, 0, -1
0, 0, -1
0, 0, -1
0, 0, -1
0, 0, -1
0, 0, -1
0, 102, 96
0.66, 319, 306
1.28, 426, 410
1.34, 468, 450
1.42, 491, 472
1.45, 497, 478
1.38, 489, 470
1.31, 485, 466
1.38, 472, 454
1.32, 443, 426
1.16, 369, 354
0.53, 203, 195
0, 7, 4
0, 0, -1
0, 0, -1
0, 0, -1
0, 0, -1
0, 0, -1
0, 0, -1
0, 0, -1
0, 0, -1
0, 0, -1
0, 0, -1
0, 0, -1
0, 68, 63
0, 267, 256
0, 262, 252
0, 326, 313
0, 354, 340
0, 361, 346
0, 390, 375
0, 378, 363
0, 380, 365
0, 299, 287
0, 192, 184
0, 108, 103
0, 0, -1
0, 0, -1
0, 0, -1
0, 0, -1
0, 0, -1
0, 0, -1
0, 0, -1
0, 0, -1
0, 0, -1
0, 0, -1
0, 0, -1
0, 0, -1
0, 162, 154
0, 468, 450
0, 575, 510
0, 592, 510
0, 591, 510
0, 584, 510
0, 579, 510
0, 580, 510
0, 579, 510
0, 569, 510
0, 531, 510
0, 277, 266
0, 10, 7
0, 0, -1
0, 0, -1
0, 0, -1
0, 0, -1
0, 0, -1
0, 0, -1
0, 0, -1
0, 0, -1
0, 0, -1
0, 0, -1
0, 0, -1
0, 150, 143
1.64, 428, 412
2.37, 527, 510
2.43, 550, 510
2.32, 549, 510
2.3, 545, 510
2.27, 539, 510
2.31, 538, 510
2.36, 533, 510
2.38, 521, 510
2.14, 497, 478
0.64, 249, 239
0, 9, 6
0, 0, -1
0, 0, -1
0, 0, -1
0, 0, -1
0, 0, -1
0, 0, -1
0, 0, -1
0, 0, -1
0, 0, -1
0, 0, -1
0, 0, -1
0, 114, 108
0.8, 339, 326
1.11, 406, 390
1.08, 427, 411
1.11, 463, 445
1.11, 465, 447
1.17, 466, 448
1.22, 472, 454
1.18, 451, 433
1.06, 396, 380
0.97, 324, 311
0.49, 193, 184
0, 8, 5
0, 0, -1
0, 0, -1
0, 0, -1
0, 0, -1
0, 0, -1
0, 0, -1
0, 0, -1
0, 0, -1
0, 0, -1
0, 0, -1
0, 0, -1
0, 149, 142
1.74, 436, 419
2.16, 528, 508
2.03, 529, 510
1.52, 513, 493
1.66, 525, 505
1.43, 503, 484
1.37, 489, 471
1.45, 478, 460
1.24, 436, 419
0.98, 355, 341
0, 200, 192
0, 7, 4
0, 0, -1
0, 0, -1
0, 0, -1
0, 0, -1
0, 0, -1
0, 0, -1
0, 0, -1
0, 0, -1
0, 0, -1
0, 0, -1
0, 0, -1
0, 159, 152
1.7, 425, 409
2.19, 527, 507
2.17, 531, 510
2.07, 535, 510
2.03, 531, 510
2.08, 529, 510
2.19, 533, 510
2.26, 529, 510
2.31, 530, 510
2.16, 491, 472
0.11, 262, 251
0, 11, 8
0, 0, -1
0, 0, -1
0, 0, -1
0, 0, -1
0, 0, -1
0, 0, -1
0, 0, -1
0, 0, -1
0, 0, -1
0, 0, -1
0, 0, -1
0.98, 188, 179
2.61, 490, 471
2.9, 574, 510
2.94, 586, 510
2.89, 582, 510
2.85, 576, 510
2.83, 570, 510
2.85, 568, 510
2.86, 564, 510
2.83, 550, 510
2.42, 521, 502
0.12, 270, 259
0, 9, 6
0, 0, -1
0, 0, -1
0, 0, -1
0, 0, -1
0, 0, -1
0, 0, -1
0, 0, -1
0, 0, -1
0, 0, -1
0, 0, -1
0, 0, -1
0.79, 186, 177
2.44, 474, 456
2.75, 555, 510
2.8, 569, 510
2.76, 569, 510
2.65, 563, 510
2.63, 557, 510
2.61, 553, 510
2.62, 546, 510
2.57, 528, 510
2.22, 500, 481
0.11, 258, 247
0, 9, 6
0, 0, -1
0, 0, -1
0, 0, -1
0, 0, -1
0, 0, -1
0, 0, -1
0, 0, -1
0, 0, -1
0, 0, -1
0, 0, -1
0, 0, -1
0, 153, 146
1.24, 405, 390
1.34, 434, 417
1.55, 487, 468
1.43, 495, 476
1.34, 486, 467
1.34, 488, 470
1.47, 502, 483
1.79, 515, 496
1.82, 493, 474
1.83, 459, 441
0.1, 239, 229
0, 10, 7
0, 0, -1
0, 0, -1
0, 0, -1
0, 0, -1
0, 0, -1
0, 0, -1
0, 0, -1
0, 0, -1
0, 0, -1
0, 0, -1
0, 0, -1
0, 62, 57
0, 150, 143
0, 257, 246
0, 293, 282
0, 346, 333
0, 359, 345
0, 351, 337
0, 387, 372
0, 334, 321
0, 272, 261
0, 143, 136
0, 106, 100
0, 7, 4
0, 0, -1
0, 0, -1
0, 0, -1
0, 0, -1
0, 0, -1
0, 0, -1
0, 0, -1
0, 0, -1
0, 0, -1
0, 0, -1
0, 0, -1
0.63, 186, 178
2.1, 465, 447
2.35, 542, 510
2.41, 562, 510
2.43, 572, 510
2.4, 567, 510
2.46, 566, 510
2.55, 568, 510
2.63, 566, 510
2.71, 558, 510
2.46, 528, 510
0.75, 299, 287
0, 18, 15
0, 0, -1
0, 0, -1
0, 0, -1
0, 0, -1
0, 0, -1
0, 0, -1
0, 0, -1
0, 0, -1
0, 0, -1
0, 0, -1
0, 0, -1
0, 145, 138
1.43, 396, 381
1.65, 464, 446
1.57, 486, 468
1.72, 517, 498
1.71, 519, 500
1.9, 517, 510
1.82, 526, 506
1.97, 516, 496
2.04, 505, 486
1.95, 462, 444
0.21, 264, 253
0, 16, 12
0, 0, -1
0, 0, -1
0, 0, -1
0, 0, -1
0, 0, -1
0, 0, -1
0, 0, -1
0, 0, -1
0, 0, -1
0, 0, -1
0, 0, -1
0, 123, 117
1.21, 372, 357
1.68, 457, 440
1.67, 494, 475
1.56, 501, 482
1.86, 526, 506
1.85, 520, 501
1.74, 523, 503
1.62, 490, 471
1.54, 451, 433
1.58, 407, 392
0.21, 264, 253
0, 15, 11
0, 0, -1
0, 0, -1
0, 0, -1
0, 0, -1
0, 0, -1
0, 0, -1
0, 0, -1
0, 0, -1
0, 0, -1
0, 0, -1
0, 0, -1
0, 166, 159
2.06, 460, 443
2.35, 514, 510
2.32, 527, 510
2.25, 533, 510
2.22, 530, 510
2.31, 528, 510
2.47, 535, 510
2.55, 532, 510
2.74, 530, 510
2.55, 522, 503
0.25, 292, 280
0, 18, 15
0, 0, -1
0, 0, -1
0, 0, -1
0, 0, -1
0, 0, -1
0, 0, -1
0, 0, -1
0, 0, -1
0, 0, -1
0, 0, -1
0, 0, -1
0, 168, 160
1.89, 456, 439
2.31, 529, 509
2.26, 526, 510
2.12, 529, 510
2.09, 526, 510
2.15, 525, 510
2.24, 528, 510
2.28, 521, 510
2.34, 528, 508
2.16, 486, 467
0.23, 282, 270
0, 16, 12
0, 0, -1
0, 0, -1
0, 0, -1
0, 0, -1
0, 0, -1
0, 0, -1
0, 0, -1
0, 0, -1
0, 0, -1
0, 0, -1
0, 0, -1
0, 177, 169
2.13, 481, 463
2.55, 527, 510
2.53, 538, 510
2.38, 538, 510
2.3, 533, 510
2.22, 526, 510
2.21, 523, 510
2.34, 518, 510
2.41, 510, 510
2.27, 495, 476
0.22, 278, 266
0, 15, 12
0, 0, -1
0, 0, -1
0, 0, -1
0, 0, -1
0, 0, -1
0, 0, -1
0, 0, -1
0, 0, -1
0, 0, -1
0, 0, -1
0, 0, -1
0.81, 193, 184
2.7, 507, 488
2.87, 552, 510
2.92, 564, 510
2.86, 561, 510
2.82, 556, 510
2.8, 551, 510
2.81, 549, 510
2.85, 546, 510
2.83, 534, 510
2.56, 521, 502
0.25, 293, 282
0, 16, 13
0, 0, -1
0, 0, -1
0, 0, -1
0, 0, -1
0, 0, -1
0, 0, -1
0, 0, -1
0, 0, -1
0, 0, -1
0, 0, -1
0, 0, -1
0.65, 188, 180
2.46, 496, 478
2.59, 536, 510
2.6, 550, 510
2.56, 552, 510
2.53, 550, 510
2.53, 548, 510
2.55, 545, 510
2.61, 540, 510
2.64, 528, 510
2.42, 513, 494
0.24, 291, 279
0, 17, 14
0, 0, -1
0, 0, -1
0, 0, -1
0, 0, -1
0, 0, -1
0, 0, -1
0, 0, -1
0, 0, -1
0, 0, -1
0, 0, -1
0, 0, -1
0, 183, 175
2.04, 492, 473
2.49, 537, 510
2.54, 555, 510
2.52, 559, 510
2.5, 556, 510
2.52, 553, 510
2.59, 553, 510
2.68, 553, 510
2.66, 539, 510
2.49, 527, 507
0.27, 309, 297
0, 21, 18
0, 0, -1
0, 0, -1
0, 0, -1
0, 0, -1
0, 0, -1
0, 0, -1
0, 0, -1
0, 0, -1
0, 0, -1
0, 0, -1
0, 0, -1
0, 29, 25
0, 56, 52
0, 87, 82
0, 125, 119
0, 154, 147
0, 172, 165
0, 171, 163
0, 156, 149
0, 122, 116
0, 85, 80
0, 43, 39
0, 35, 32
0, 0, -1
0, 0, -1
0, 0, -1
0, 0, -1
0, 0, -1
0, 0, -1
0, 0, -1
0, 0, -1
0, 0, -1
0, 0, -1
0, 0, -1
0, 0, -1
0.53, 195, 186
2.37, 502, 482
2.51, 537, 510
2.54, 554, 510
2.51, 561, 510
2.46, 555, 510
2.52, 555, 510
2.54, 555, 510
2.59, 547, 510
2.64, 541, 510
2.43, 530, 510
1.12, 318, 305
0, 22, 19
0, 0, -1
0, 0, -1
0, 0, -1
0, 0, -1
0, 0, -1
0, 0, -1
0, 0, -1
0, 0, -1
0, 0, -1
0, 0, -1
0, 0, -1
0, 187, 179
2.04, 478, 460
2.35, 522, 510
2.37, 539, 510
2.35, 547, 510
2.22, 540, 510
2.14, 531, 510
2.23, 534, 510
2.31, 528, 510
2.43, 521, 510
2.26, 500, 481
1.47, 321, 309
0, 74, 69
0, 0, -1
0, 0, -1
0, 0, -1
0, 0, -1
0, 0, -1
0, 0, -1
0, 0, -1
0, 0, -1
0, 0, -1
0, 0, -1
0, 0, -1
0.66, 195, 186
2.16, 487, 468
2.28, 526, 510
2.26, 544, 510
2.23, 552, 510
2.13, 547, 510
2.16, 545, 510
2.22, 546, 510
2.26, 539, 510
2.31, 521, 510
2.15, 497, 478
1.28, 321, 308
0, 81, 76
0, 0, -1
0, 0, -1
0, 0, -1
0, 0, -1
0, 0, -1
0, 0, -1
0, 0, -1
0, 0, -1
0, 0, -1
0, 0, -1
0, 0, -1
0, 183, 175
1.31, 409, 393
1.65, 475, 457
1.31, 468, 450
1.31, 484, 465
1.14, 473, 455
1.38, 491, 472
1.35, 485, 466
1.06, 433, 417
1.53, 456, 438
1.51, 415, 399
1.34, 306, 294
0, 76, 72
0, 0, -1
0, 0, -1
0, 0, -1
0, 0, -1
0, 0, -1
0, 0, -1
0, 0, -1
0, 0, -1
0, 0, -1
0, 0, -1
0, 0, -1
0.84, 228, 218
2.87, 543, 510
3.01, 593, 510
2.88, 620, 510
2.11, 570, 510
0.12, 310, 298
0.07, 343, 330
0.06, 315, 303
0, 248, 238
0, 225, 216
0, 150, 144
0, 114, 108
0, 30, 27
0, 0, -1
0, 0, -1
0, 0, -1
0, 0, -1
0, 0, -1
0, 0, -1
0, 0, -1
0, 0, -1
0, 0, -1
0, 0, -1
0, 0, -1
0, 161, 154
0.98, 391, 376
1.51, 446, 429
1.69, 495, 476
1.73, 521, 501
1.65, 514, 495
1.56, 506, 486
1.86, 525, 505
1.61, 495, 476
1.42, 445, 428
1.23, 376, 361
1.18, 289, 278
0, 72, 68
0, 0, -1
0, 0, -1
0, 0, -1
0, 0, -1
0, 0, -1
0, 0, -1
0, 0, -1
0, 0, -1
0, 0, -1
0, 0, -1
0, 0, -1
0, 90, 85
0.95, 415, 398
0.1, 137, 130
0, 157, 150
0, 168, 160
0, 409, 394
0, 343, 329
0, 373, 358
2, 531, 510
2.24, 539, 510
0.75, 316, 304
1.49, 352, 338
0.11, 49, 45
0, 0, -1
0, 0, -1
0, 0, -1
0, 0, -1
0, 0, -1
0, 0, -1
0, 0, -1
0, 0, -1
0, 0, -1
0, 0, -1
0, 0, -1
0.94, 235, 225
2.67, 526, 510
2.97, 582, 510
3.08, 597, 510
3.08, 596, 510
3.05, 590, 510
3.02, 583, 510
3.03, 580, 510
2.96, 572, 510
2.72, 550, 510
2.53, 530, 510
1.83, 354, 340
0, 91, 86
0, 0, -1
0, 0, -1
0, 0, -1
0, 0, -1
0, 0, -1
0, 0, -1
0, 0, -1
0, 0, -1
0, 0, -1
0, 0, -1
0, 0, -1
0.94, 222, 213
2.47, 510, 491
2.58, 540, 510
2.62, 556, 510
2.6, 560, 510
2.63, 561, 510
2.65, 560, 510
2.68, 558, 510
2.75, 553, 510
2.78, 544, 510
2.65, 518, 510
2.06, 376, 361
0, 108, 102
0, 0, -1
0, 0, -1
0, 0, -1
0, 0, -1
0, 0, -1
0, 0, -1
0, 0, -1
0, 0, -1
0, 0, -1
0, 0, -1
0, 0, -1
0, 108, 102
0, 162, 155
0, 266, 255
0, 373, 358
0, 410, 394
0, 433, 416
0, 449, 432
1.38, 509, 490
1.9, 525, 505
2.52, 535, 510
2.56, 518, 510
1.98, 376, 362
0.27, 105, 99
0, 0, -1
0, 0, -1
0, 0, -1
0, 0, -1
0, 0, -1
0, 0, -1
0, 0, -1
0, 0, -1
0, 0, -1
0, 0, -1
0, 6, 4
1.24, 241, 231
2.9, 519, 510
3.01, 558, 510
3.1, 569, 510
3.12, 568, 510
3.1, 561, 510
3.09, 555, 510
3.08, 550, 510
3.02, 544, 510
2.93, 529, 510
2.6, 510, 491
2.04, 357, 343
0, 99, 93
0, 0, -1
0, 0, -1
0, 0, -1
0, 0, -1
0, 0, -1
0, 0, -1
0, 0, -1
0, 0, -1
0, 0, -1
0, 0, -1
0, 6, 4
1.11, 227, 217
2.69, 510, 490
2.82, 534, 510
2.88, 547, 510
2.87, 550, 510
2.83, 547, 510
2.85, 545, 510
2.88, 544, 510
2.93, 544, 510
2.89, 532, 510
2.75, 530, 510
2.13, 372, 357
0, 113, 108
0, 0, -1
0, 0, -1
0, 0, -1
0, 0, -1
0, 0, -1
0, 0, -1
0, 0, -1
0, 0, -1
0, 0, -1
0, 0, -1
0, 6, 4
0.9, 221, 211
2.38, 489, 470
2.47, 518, 510
2.51, 533, 510
2.51, 538, 510
2.52, 537, 510
2.57, 536, 510
2.62, 534, 510
2.65, 530, 510
2.72, 521, 510
2.65, 521, 501
2.09, 374, 360
0, 112, 106
0, 0, -1
0, 0, -1
0, 0, -1
0, 0, -1
0, 0, -1
0, 0, -1
0, 0, -1
0, 0, -1
0, 0, -1
0, 0, -1
0, 7, 4
1.15, 233, 224
2.7, 514, 494
2.84, 542, 510
2.9, 553, 510
2.87, 553, 510
2.84, 550, 510
2.83, 546, 510
2.86, 544, 510
2.86, 540, 510
2.84, 529, 510
2.65, 520, 500
2.07, 371, 357
0, 109, 103
0, 0, -1
0, 0, -1
0, 0, -1
0, 0, -1
0, 0, -1
0, 0, -1
0, 0, -1
0, 0, -1
0, 0, -1
0, 0, -1
0, 8, 5
1.23, 251, 241
2.88, 530, 510
2.98, 571, 510
3.07, 583, 510
3.09, 584, 510
3.08, 580, 510
3.06, 578, 510
3.09, 576, 510
3.06, 571, 510
3, 557, 510
2.84, 528, 510
2.29, 395, 380
0, 122, 116
0, 0, -1
0, 0, -1
0, 0, -1
0, 0, -1
0, 0, -1
0, 0, -1
0, 0, -1
0, 0, -1
0, 0, -1
0, 0, -1
0, 7, 4
0.93, 227, 217
2.38, 491, 473
2.47, 522, 510
2.45, 533, 510
2.42, 537, 510
2.39, 536, 510
2.39, 531, 510
2.47, 531, 510
2.56, 529, 510
2.66, 520, 510
2.56, 514, 495
2.13, 380, 366
0, 119, 113
0, 0, -1
0, 0, -1
0, 0, -1
0, 0, -1
0, 0, -1
0, 0, -1
0, 0, -1
0, 0, -1
0, 0, -1
0, 0, -1
0, 7, 5
1.1, 234, 224
2.36, 491, 472
2.41, 513, 510
2.46, 531, 510
2.34, 530, 510
2.15, 524, 510
2.11, 518, 510
2.21, 519, 510
2.37, 515, 510
2.54, 513, 510
2.51, 508, 489
2.08, 375, 361
0, 118, 112
0, 0, -1
0, 0, -1
0, 0, -1
0, 0, -1
0, 0, -1
0, 0, -1
0, 0, -1
0, 0, -1
0, 0, -1
0, 0, -1
0, 8, 5
1.15, 239, 229
2.61, 509, 489
2.69, 529, 510
2.78, 541, 510
2.76, 544, 510
2.66, 541, 510
2.67, 538, 510
2.76, 536, 510
2.78, 532, 510
2.78, 521, 510
2.66, 520, 500
2.17, 380, 366
0, 122, 116
0, 0, -1
0, 0, -1
0, 0, -1
0, 0, -1
0, 0, -1
0, 0, -1
0, 0, -1
0, 0, -1
0, 0, -1
0, 0, -1
0, 7, 5
0.96, 223, 214
2.36, 478, 459
2.44, 527, 507
2.46, 520, 510
2.42, 522, 510
2.35, 519, 510
2.36, 516, 510
2.43, 515, 510
2.47, 510, 510
2.5, 521, 502
2.41, 492, 474
1.96, 359, 346
0, 117, 111
0, 0, -1
0, 0, -1
0, 0, -1
0, 0, -1
0, 0, -1
0, 0, -1
0, 0, -1
0, 0, -1
0, 0, -1
0, 0, -1
0, 7, 5
0.81, 210, 201
1.72, 417, 401
1.95, 493, 474
1.93, 516, 497
1.87, 525, 505
1.87, 511, 510
1.98, 514, 510
2.1, 517, 510
2.2, 513, 510
2.31, 520, 500
2.38, 503, 484
1.94, 369, 355
0, 120, 114
0, 0, -1
0, 0, -1
0, 0, -1
0, 0, -1
0, 0, -1
0, 0, -1
0, 0, -1
0, 0, -1
0, 0, -1
0, 0, -1
0, 8, 5
0.93, 227, 218
2.36, 492, 474
2.51, 527, 510
2.55, 541, 510
2.51, 547, 510
2.44, 543, 510
2.46, 541, 510
2.52, 540, 510
2.66, 539, 510
2.7, 529, 510
2.6, 524, 504
2.11, 390, 376
0, 127, 121
0, 0, -1
0, 0, -1
0, 0, -1
0, 0, -1
0, 0, -1
0, 0, -1
0, 0, -1
0, 0, -1
0, 0, -1
0, 0, -1
0, 8, 5
1.26, 271, 260
2.91, 550, 510
2.8, 575, 510
2.52, 543, 510
2.46, 618, 510
0.66, 420, 404
0.29, 378, 363
0.39, 374, 360
0.06, 188, 180
0, 229, 219
0, 199, 190
0, 161, 153
0, 37, 34
0, 0, -1
0, 0, -1
0, 0, -1
0, 0, -1
0, 0, -1
0, 0, -1
0, 0, -1
0, 0, -1
0, 0, -1
0, 0, -1
0, 8, 5
0.67, 215, 206
2.1, 463, 445
2.18, 519, 499
2.18, 520, 510
2.1, 526, 510
2.06, 526, 510
2.04, 522, 510
2.06, 519, 510
2.11, 512, 510
2.14, 515, 496
2.06, 479, 461
1.56, 345, 332
0, 115, 109
0, 0, -1
0, 0, -1
0, 0, -1
0, 0, -1
0, 0, -1
0, 0, -1
0, 0, -1
0, 0, -1
0, 0, -1
0, 0, -1
0, 9, 6
1.27, 253, 243
2.79, 518, 510
2.92, 561, 510
3.01, 575, 510
3.02, 577, 510
3, 573, 510
2.99, 570, 510
3.01, 567, 510
2.99, 562, 510
2.95, 550, 510
2.77, 521, 510
2.21, 402, 387
0, 137, 130
0, 0, -1
0, 0, -1
0, 0, -1
0, 0, -1
0, 0, -1
0, 0, -1
0, 0, -1
0, 0, -1
0, 0, -1
0, 0, -1
0, 8, 5
0.74, 216, 207
2.18, 470, 452
2.27, 523, 503
2.3, 524, 510
2.25, 533, 510
2.16, 529, 510
2.22, 527, 510
2.31, 528, 510
2.38, 523, 510
2.45, 511, 510
2.45, 510, 491
2.05, 387, 372
0, 134, 127
0, 0, -1
0, 0, -1
0, 0, -1
0, 0, -1
0, 0, -1
0, 0, -1
0, 0, -1
0, 0, -1
0, 0, -1
0, 0, -1
0, 9, 6
0.89, 233, 223
2.23, 482, 463
2.25, 528, 508
2.22, 531, 510
2.2, 539, 510
2.15, 538, 510
2.15, 535, 510
2.22, 536, 510
2.34, 530, 510
2.36, 514, 510
2.3, 505, 485
1.9, 379, 364
0, 133, 126
0, 0, -1
0, 0, -1
0, 0, -1
0, 0, -1
0, 0, -1
0, 0, -1
0, 0, -1
0, 0, -1
0, 0, -1
0, 0, -1
0, 9, 6
0.93, 230, 220
1.84, 439, 422
1.95, 498, 480
1.99, 526, 506
1.92, 516, 510
1.96, 522, 510
1.94, 517, 510
2.06, 519, 510
2.14, 514, 510
2.23, 520, 500
2.3, 496, 477
1.99, 385, 370
0, 136, 129
0, 0, -1
0, 0, -1
0, 0, -1
0, 0, -1
0, 0, -1
0, 0, -1
0, 0, -1
0, 0, -1
0, 0, -1
0, 0, -1
0, 9, 6
0.75, 219, 210
2.06, 459, 441
2.23, 522, 502
2.17, 523, 510
2.11, 530, 510
2.03, 528, 510
2.02, 524, 510
2.14, 526, 510
2.28, 524, 510
2.27, 526, 506
2.13, 487, 469
1.77, 369, 355
0, 131, 124
0, 0, -1
0, 0, -1
0, 0, -1
0, 0, -1
0, 0, -1
0, 0, -1
0, 0, -1
0, 0, -1
0, 0, -1
0, 0, -1
0, 9, 6
0.87, 234, 224
2.29, 488, 470
2.38, 521, 510
2.36, 535, 510
2.29, 538, 510
2.24, 538, 510
2.21, 532, 510
2.28, 534, 510
2.31, 524, 510
2.33, 528, 508
2.27, 499, 480
1.81, 376, 362
0, 132, 126
0, 0, -1
0, 0, -1
0, 0, -1
0, 0, -1
0, 0, -1
0, 0, -1
0, 0, -1
0, 0, -1
0, 0, -1
0, 0, -1
0, 11, 7
1.21, 264, 253
2.83, 532, 510
2.92, 573, 510
3.01, 586, 510
3.02, 588, 510
3, 585, 510
2.99, 581, 510
3.01, 579, 510
2.98, 574, 510
2.95, 561, 510
2.79, 534, 510
2.3, 425, 409
0, 154, 147
0, 0, -1
0, 0, -1
0, 0, -1
0, 0, -1
0, 0, -1
0, 0, -1
0, 0, -1
0, 0, -1
0, 0, -1
0, 0, -1
0, 10, 7
1.17, 257, 246
2.75, 517, 510
2.87, 559, 510
2.94, 573, 510
2.95, 575, 510
2.93, 573, 510
2.92, 569, 510
2.94, 567, 510
2.94, 561, 510
2.92, 549, 510
2.76, 522, 510
2.26, 417, 401
0, 152, 145
0, 0, -1
0, 0, -1
0, 0, -1
0, 0, -1
0, 0, -1
0, 0, -1
0, 0, -1
0, 0, -1
0, 0, -1
0, 0, -1
0, 9, 6
0.98, 238, 228
2.3, 489, 470
2.38, 519, 510
2.37, 534, 510
2.31, 538, 510
2.29, 539, 510
2.3, 535, 510
2.36, 534, 510
2.44, 529, 510
2.56, 521, 510
2.46, 514, 495
2.07, 399, 384
0, 148, 141
0, 0, -1
0, 0, -1
0, 0, -1
0, 0, -1
0, 0, -1
0, 0, -1
0, 0, -1
0, 0, -1
0, 0, -1
0, 0, -1
0, 8, 5
0, 216, 207
0, 415, 399
0, 488, 469
0, 512, 492
0, 521, 501
0, 522, 502
0, 519, 499
0, 526, 506
0, 516, 497
0, 496, 477
0, 474, 456
0, 367, 353
0, 133, 126
0, 0, -1
0, 0, -1
0, 0, -1
0, 0, -1
0, 0, -1
0, 0, -1
0, 0, -1
0, 0, -1
0, 0, -1
0, 0, -1
0, 9, 6
0.51, 219, 209
1.59, 398, 383
1.77, 476, 458
1.67, 490, 471
1.54, 496, 477
1.6, 504, 485
1.53, 495, 476
1.59, 492, 473
1.63, 488, 469
1.56, 456, 439
1.53, 418, 402
1.16, 321, 308
0, 123, 117
0, 0, -1
0, 0, -1
0, 0, -1
0, 0, -1
0, 0, -1
0, 0, -1
0, 0, -1
0, 0, -1
0, 0, -1
0, 0, -1
0, 10, 7
1.07, 252, 241
2.76, 522, 503
2.87, 544, 510
2.95, 558, 510
2.96, 559, 510
2.95, 558, 510
2.92, 553, 510
2.96, 551, 510
2.96, 548, 510
2.94, 537, 510
2.8, 512, 510
2.33, 420, 404
0, 160, 153
0, 0, -1
0, 0, -1
0, 0, -1
0, 0, -1
0, 0, -1
0, 0, -1
0, 0, -1
0, 0, -1
0, 0, -1
0, 0, -1
0, 10, 7
1.2, 254, 244
2.79, 512, 510
2.89, 551, 510
2.97, 565, 510
2.98, 568, 510
2.96, 565, 510
2.94, 562, 510
3, 562, 510
2.99, 557, 510
2.98, 546, 510
2.83, 523, 510
2.37, 430, 413
0, 166, 158
0, 0, -1
0, 0, -1
0, 0, -1
0, 0, -1
0, 0, -1
0, 0, -1
0, 0, -1
0, 0, -1
0, 0, -1
0, 0, -1
0, 7, 4
0, 170, 162
0, 309, 297
0, 369, 354
0.81, 434, 417
1.1, 452, 435
1.19, 469, 451
1.01, 457, 440
1.04, 450, 432
0.98, 427, 411
0.83, 378, 364
0.75, 321, 308
0.42, 209, 200
0.06, 78, 73
0, 0, -1
0, 0, -1
0, 0, -1
0, 0, -1
0, 0, -1
0, 0, -1
0, 0, -1
0, 0, -1
0, 0, -1
0, 0, -1
0, 7, 5
0, 157, 149
0, 326, 313
0, 362, 348
1.44, 478, 460
1.62, 503, 484
1.49, 500, 481
1.17, 466, 448
0.99, 446, 429
1.01, 421, 405
1.45, 442, 425
1.48, 414, 398
1.42, 342, 328
0.4, 134, 128
0, 0, -1
0, 0, -1
0, 0, -1
0, 0, -1
0, 0, -1
0, 0, -1
0, 0, -1
0, 0, -1
0, 0, -1
0, 0, -1
0, 9, 6
1.17, 243, 233
2.5, 498, 479
2.63, 526, 510
2.66, 540, 510
2.66, 545, 510
2.61, 543, 510
2.61, 540, 510
2.65, 538, 510
2.67, 533, 510
2.71, 522, 510
2.61, 519, 500
2.19, 412, 396
0, 158, 151
0, 0, -1
0, 0, -1
0, 0, -1
0, 0, -1
0, 0, -1
0, 0, -1
0, 0, -1
0, 0, -1
0, 0, -1
0, 0, -1
0, 8, 6
0.91, 228, 218
2.33, 478, 460
2.47, 510, 510
2.55, 527, 510
2.54, 536, 510
2.42, 530, 510
2.46, 528, 510
2.51, 527, 510
2.53, 521, 510
2.5, 527, 507
2.38, 497, 478
1.9, 384, 370
0, 144, 137
0, 0, -1
0, 0, -1
0, 0, -1
0, 0, -1
0, 0, -1
0, 0, -1
0, 0, -1
0, 0, -1
0, 0, -1
0, 0, -1
0, 8, 5
0.86, 218, 209
2.34, 463, 446
2.53, 515, 495
2.58, 509, 510
2.59, 516, 510
2.58, 516, 510
2.62, 515, 510
2.67, 513, 510
2.73, 511, 510
2.79, 530, 509
2.64, 500, 481
2.2, 396, 381
0, 153, 146
0, 0, -1
0, 0, -1
0, 0, -1
0, 0, -1
0, 0, -1
0, 0, -1
0, 0, -1
0, 0, -1
0, 0, -1
0, 0, -1
0, 8, 5
0.86, 216, 207
2.24, 453, 435
2.39, 511, 492
2.43, 507, 510
2.46, 516, 510
2.44, 516, 510
2.49, 515, 510
2.58, 516, 510
2.67, 512, 510
2.72, 526, 506
2.61, 501, 482
2.21, 402, 387
0, 158, 151
0, 0, -1
0, 0, -1
0, 0, -1
0, 0, -1
0, 0, -1
0, 0, -1
0, 0, -1
0, 0, -1
0, 0, -1
0, 0, -1
0, 8, 6
1.09, 232, 222
2.54, 491, 472
2.72, 517, 510
2.83, 534, 510
2.85, 539, 510
2.82, 537, 510
2.79, 534, 510
2.81, 530, 510
2.81, 525, 510
2.73, 508, 510
2.57, 503, 484
2.08, 399, 384
0, 150, 143
0, 0, -1
0, 0, -1
0, 0, -1
0, 0, -1
0, 0, -1
0, 0, -1
0, 0, -1
0, 0, -1
0, 0, -1
0, 0, -1
0, 8, 5
0.79, 214, 205
2.22, 459, 442
2.35, 517, 497
2.28, 509, 510
2.16, 515, 510
2.1, 513, 510
2.02, 529, 509
1.97, 523, 503
2.08, 518, 498
2.15, 501, 482
1.99, 461, 444
1.36, 352, 339
0, 128, 121
0, 0, -1
0, 0, -1
0, 0, -1
0, 0, -1
0, 0, -1
0, 0, -1
0, 0, -1
0, 0, -1
0, 0, -1
0, 0, -1
0, 6, 4
0, 156, 149
0, 267, 256
0, 304, 292
0, 391, 376
0.61, 441, 425
1.32, 462, 445
1.31, 462, 444
1.15, 449, 432
1.3, 452, 435
1.09, 396, 381
0.98, 337, 324
0.75, 253, 243
0.22, 92, 87
0, 0, -1
0, 0, -1
0, 0, -1
0, 0, -1
0, 0, -1
0, 0, -1
0, 0, -1
0, 0, -1
0, 0, -1
0, 0, -1
0, 8, 5
0.95, 220, 210
2.25, 469, 451
2.4, 521, 501
2.49, 525, 510
2.44, 529, 510
2.33, 524, 510
2.31, 521, 510
2.32, 518, 510
2.32, 510, 510
2.29, 515, 496
2.1, 478, 461
1.69, 371, 357
0, 135, 129
0, 0, -1
0, 0, -1
0, 0, -1
0, 0, -1
0, 0, -1
0, 0, -1
0, 0, -1
0, 0, -1
0, 0, -1
0, 0, -1
0, 8, 5
0.92, 227, 217
2.51, 484, 466
2.69, 512, 510
2.78, 529, 510
2.76, 531, 510
2.67, 528, 510
2.63, 523, 510
2.65, 518, 510
2.71, 515, 510
2.72, 527, 507
2.59, 500, 481
2.11, 400, 385
0, 155, 148
0, 0, -1
0, 0, -1
0, 0, -1
0, 0, -1
0, 0, -1
0, 0, -1
0, 0, -1
0, 0, -1
0, 0, -1
0, 0, -1
0, 0, -1
0, 71, 66
0, 113, 107
0, 165, 157
0, 214, 205
0, 254, 243
0, 292, 281
0, 284, 273
0, 296, 284
0, 250, 240
0, 227, 218
0, 146, 139
0, 94, 89
0, 40, 36
0, 0, -1
0, 0, -1
0, 0, -1
0, 0, -1
0, 0, -1
0, 0, -1
0, 0, -1
0, 0, -1
0, 0, -1
0, 0, -1
0, 8, 5
0, 157, 150
0.96, 387, 372
0.4, 263, 252
0.82, 405, 389
0.62, 394, 379
0.73, 436, 419
0.36, 363, 349
0.29, 356, 342
0.04, 185, 177
0, 259, 249
0, 92, 87
0, 76, 71
0, 6, 3
0, 0, -1
0, 0, -1
0, 0, -1
0, 0, -1
0, 0, -1
0, 0, -1
0, 0, -1
0, 0, -1
0, 0, -1
0, 0, -1
0, 6, 4
0, 189, 181
1.32, 413, 397
1.86, 481, 463
1.92, 511, 492
1.7, 510, 491
1.88, 524, 504
1.88, 523, 503
1.89, 529, 509
1.95, 521, 501
1.85, 493, 474
1.77, 453, 436
1.26, 337, 324
0, 129, 123
0, 0, -1
0, 0, -1
0, 0, -1
0, 0, -1
0, 0, -1
0, 0, -1
0, 0, -1
0, 0, -1
0, 0, -1
0, 0, -1
0, 8, 5
1.03, 238, 228
2.65, 519, 499
2.9, 555, 510
3, 571, 510
3.02, 574, 510
2.99, 570, 510
2.97, 565, 510
2.97, 561, 510
2.92, 553, 510
2.85, 538, 510
2.57, 523, 504
2.13, 420, 404
0, 156, 149
0, 0, -1
0, 0, -1
0, 0, -1
0, 0, -1
0, 0, -1
0, 0, -1
0, 0, -1
0, 0, -1
0, 0, -1
0, 0, -1
0, 0, -1
0, 153, 146
0, 221, 212
0, 360, 346
0, 406, 391
0.64, 446, 429
1.26, 468, 450
1.5, 492, 474
1.68, 499, 481
1.72, 496, 478
1.69, 470, 452
1.71, 440, 423
1.69, 376, 362
0.5, 153, 146
0, 0, -1
0, 0, -1
0, 0, -1
0, 0, -1
0, 0, -1
0, 0, -1
0, 0, -1
0, 0, -1
0, 0, -1
0, 0, -1
0, 6, 4
0.73, 194, 185
1.72, 411, 395
1.88, 479, 461
1.92, 505, 486
1.86, 519, 499
1.87, 528, 508
1.85, 515, 495
1.92, 515, 496
1.91, 511, 492
2.01, 497, 479
1.97, 465, 447
1.52, 357, 344
0, 136, 130
0, 0, -1
0, 0, -1
0, 0, -1
0, 0, -1
0, 0, -1
0, 0, -1
0, 0, -1
0, 0, -1
0, 0, -1
0, 0, -1
0, 7, 4
1.04, 224, 214
2.56, 498, 479
2.78, 528, 510
2.86, 544, 510
2.85, 546, 510
2.84, 544, 510
2.81, 540, 510
2.84, 538, 510
2.84, 532, 510
2.79, 517, 510
2.61, 511, 491
2.12, 410, 394
0, 156, 150
0, 0, -1
0, 0, -1
0, 0, -1
0, 0, -1
0, 0, -1
0, 0, -1
0, 0, -1
0, 0, -1
0, 0, -1
0, 0, -1
0, 7, 4
0.82, 211, 202
2.42, 483, 464
2.63, 514, 510
2.76, 533, 510
2.79, 539, 510
2.78, 538, 510
2.78, 536, 510
2.85, 536, 510
2.85, 531, 510
2.83, 519, 510
2.66, 516, 497
2.17, 415, 399
0, 159, 152
0, 0, -1
0, 0, -1
0, 0, -1
0, 0, -1
0, 0, -1
0, 0, -1
0, 0, -1
0, 0, -1
0, 0, -1
0, 0, -1
0, 0, -1
0, 187, 179
1.05, 373, 358
1.46, 435, 418
1.15, 439, 422
1.28, 467, 449
1.48, 494, 475
1.44, 484, 466
1.7, 508, 489
1.64, 488, 469
1.6, 463, 445
1.26, 392, 377
1.09, 320, 308
0, 121, 115
0, 0, -1
0, 0, -1
0, 0, -1
0, 0, -1
0, 0, -1
0, 0, -1
0, 0, -1
0, 0, -1
0, 0, -1
0, 0, -1
0, 6, 4
0.64, 203, 195
2.23, 467, 449
2.35, 523, 503
2.37, 523, 510
2.31, 526, 510
2.33, 528, 510
2.4, 528, 510
2.5, 530, 510
2.59, 526, 510
2.65, 517, 510
2.55, 511, 492
2.19, 416, 400
0, 165, 158
0, 0, -1
0, 0, -1
0, 0, -1
0, 0, -1
0, 0, -1
0, 0, -1
0, 0, -1
0, 0, -1
0, 0, -1
0, 0, -1
0, 6, 4
0.88, 217, 208
2.43, 489, 471
2.57, 523, 510
2.61, 537, 510
2.62, 545, 510
2.6, 544, 510
2.63, 543, 510
2.72, 542, 510
2.78, 539, 510
2.79, 530, 510
2.68, 527, 507
2.29, 428, 412
0, 173, 166
0, 0, -1
0, 0, -1
0, 0, -1
0, 0, -1
0, 0, -1
0, 0, -1
0, 0, -1
0, 0, -1
0, 0, -1
0, 0, -1
0, 6, 4
0.97, 231, 221
2.81, 515, 510
2.94, 559, 510
3.04, 573, 510
3.06, 574, 510
3.05, 570, 510
3.03, 565, 510
3.04, 561, 510
3.02, 555, 510
2.98, 542, 510
2.81, 515, 510
2.33, 431, 414
0, 167, 160
0, 0, -1
0, 0, -1
0, 0, -1
0, 0, -1
0, 0, -1
0, 0, -1
0, 0, -1
0, 0, -1
0, 0, -1
0, 0, -1
0, 6, 4
0.94, 223, 213
2.75, 517, 498
2.88, 540, 510
2.96, 554, 510
2.98, 556, 510
2.96, 552, 510
2.93, 548, 510
2.97, 547, 510
2.98, 543, 510
2.96, 533, 510
2.86, 513, 510
2.43, 436, 420
0, 177, 169
0, 0, -1
0, 0, -1
0, 0, -1
0, 0, -1
0, 0, -1
0, 0, -1
0, 0, -1
0, 0, -1
0, 0, -1
0, 0, -1
0, 0, -1
0.9, 211, 202
2.65, 499, 480
2.83, 521, 510
2.92, 534, 510
2.91, 535, 510
2.89, 532, 510
2.86, 527, 510
2.87, 524, 510
2.87, 519, 510
2.81, 505, 510
2.54, 496, 478
2.12, 397, 382
0, 148, 141
0, 0, -1
0, 0, -1
0, 0, -1
0, 0, -1
0, 0, -1
0, 0, -1
0, 0, -1
0, 0, -1
0, 0, -1
0, 0, -1
0, 0, -1
0.91, 212, 203
2.67, 507, 487
2.85, 532, 510
2.95, 548, 510
2.97, 552, 510
2.95, 550, 510
2.91, 544, 510
2.91, 540, 510
2.91, 535, 510
2.88, 524, 510
2.74, 522, 502
2.28, 418, 402
0, 162, 155
0, 0, -1
0, 0, -1
0, 0, -1
0, 0, -1
0, 0, -1
0, 0, -1
0, 0, -1
0, 0, -1
0, 0, -1
0, 0, -1
0, 0, -1
0, 157, 150
0.87, 358, 345
1.4, 419, 403
1.51, 458, 440
1.38, 468, 450
1.45, 476, 458
1.44, 473, 455
1.48, 473, 456
1.41, 459, 442
1.29, 429, 412
1.18, 381, 367
0.44, 298, 286
0, 110, 104
0, 0, -1
0, 0, -1
0, 0, -1
0, 0, -1
0, 0, -1
0, 0, -1
0, 0, -1
0, 0, -1
0, 0, -1
0, 0, -1
0, 0, -1
0.53, 188, 180
2.18, 462, 444
2.32, 516, 497
2.33, 513, 510
2.34, 523, 510
2.23, 521, 510
2.24, 516, 510
2.3, 517, 510
2.28, 509, 510
2.32, 516, 496
2.24, 486, 468
1.74, 376, 362
0, 135, 129
0, 0, -1
0, 0, -1
0, 0, -1
0, 0, -1
0, 0, -1
0, 0, -1
0, 0, -1
0, 0, -1
0, 0, -1
0, 0, -1
0, 0, -1
0.77, 194, 186
2.31, 478, 460
2.44, 526, 506
2.48, 524, 510
2.49, 530, 510
2.49, 530, 510
2.46, 525, 510
2.5, 524, 510
2.55, 519, 510
2.64, 507, 510
2.56, 506, 487
2.14, 407, 392
0, 156, 149
0, 0, -1
0, 0, -1
0, 0, -1
0, 0, -1
0, 0, -1
0, 0, -1
0, 0, -1
0, 0, -1
0, 0, -1
0, 0, -1
0, 0, -1
0.7, 197, 189
2.42, 494, 475
2.65, 528, 510
2.79, 549, 510
2.78, 553, 510
2.71, 552, 510
2.66, 547, 510
2.67, 544, 510
2.67, 537, 510
2.67, 523, 510
2.46, 517, 497
2.01, 403, 388
0, 147, 140
0, 0, -1
0, 0, -1
0, 0, -1
0, 0, -1
0, 0, -1
0, 0, -1
0, 0, -1
0, 0, -1
0, 0, -1
0, 0, -1
0, 0, -1
0, 186, 178
1.96, 477, 459
2.45, 519, 510
2.56, 539, 510
2.53, 545, 510
2.55, 546, 510
2.56, 542, 510
2.63, 541, 510
2.68, 538, 510
2.7, 527, 510
2.59, 522, 502
2.13, 418, 402
0, 156, 149
0, 0, -1
0, 0, -1
0, 0, -1
0, 0, -1
0, 0, -1
0, 0, -1
0, 0, -1
0, 0, -1
0, 0, -1
0, 0, -1
0, 0, -1
0, 182, 174
1.97, 469, 451
2.43, 512, 510
2.49, 533, 510
2.44, 536, 510
2.43, 535, 510
2.41, 531, 510
2.44, 528, 510
2.5, 524, 510
2.57, 513, 510
2.42, 509, 489
1.94, 394, 379
0, 147, 140
0, 0, -1
0, 0, -1
0, 0, -1
0, 0, -1
0, 0, -1
0, 0, -1
0, 0, -1
0, 0, -1
0, 0, -1
0, 0, -1
0, 0, -1
0, 184, 176
2.03, 472, 454
2.47, 529, 509
2.54, 527, 510
2.59, 537, 510
2.55, 537, 510
2.56, 533, 510
2.63, 533, 510
2.64, 527, 510
2.69, 517, 510
2.54, 512, 492
2.02, 397, 382
0, 146, 139
0, 0, -1
0, 0, -1
0, 0, -1
0, 0, -1
0, 0, -1
0, 0, -1
0, 0, -1
0, 0, -1
0, 0, -1
0, 0, -1
0, 0, -1
0, 180, 173
2.06, 464, 446
2.54, 523, 503
2.61, 521, 510
2.6, 525, 510
2.56, 524, 510
2.5, 517, 510
2.55, 517, 510
2.55, 510, 510
2.56, 519, 500
2.41, 493, 475
1.93, 379, 365
0, 137, 130
0, 0, -1
0, 0, -1
0, 0, -1
0, 0, -1
0, 0, -1
0, 0, -1
0, 0, -1
0, 0, -1
0, 0, -1
0, 0, -1
0, 0, -1
0, 166, 159
1.79, 435, 418
2.25, 502, 483
2.37, 529, 509
2.3, 511, 510
2.27, 511, 510
2.27, 507, 510
2.29, 529, 509
2.37, 524, 504
2.44, 514, 495
2.28, 481, 463
1.82, 371, 357
0, 131, 124
0, 0, -1
0, 0, -1
0, 0, -1
0, 0, -1
0, 0, -1
0, 0, -1
0, 0, -1
0, 0, -1
0, 0, -1
0, 0, -1
0, 0, -1
0, 142, 135
0.84, 350, 336
1.21, 397, 382
1.53, 465, 447
1.61, 495, 476
1.59, 498, 479
1.62, 498, 479
1.78, 509, 489
1.7, 494, 475
1.88, 486, 468
2.1, 482, 463
1.82, 382, 367
0, 144, 137
0, 0, -1
0, 0, -1
0, 0, -1
0, 0, -1
0, 0, -1
0, 0, -1
0, 0, -1
0, 0, -1
0, 0, -1
0, 0, -1
0, 0, -1
0, 163, 155
1.78, 433, 416
2.34, 498, 479
2.39, 519, 499
2.39, 525, 505
2.35, 524, 503
2.36, 519, 500
2.46, 521, 501
2.49, 519, 500
2.51, 507, 488
2.38, 474, 457
1.97, 367, 353
0, 132, 126
0, 0, -1
0, 0, -1
0, 0, -1
0, 0, -1
0, 0, -1
0, 0, -1
0, 0, -1
0, 0, -1
0, 0, -1
0, 0, -1
0, 0, -1
0, 170, 163
2.12, 447, 430
2.46, 507, 488
2.45, 526, 506
2.42, 507, 510
2.37, 530, 510
2.31, 524, 504
2.37, 525, 505
2.34, 516, 497
2.33, 502, 484
2.24, 472, 455
1.82, 361, 348
0, 128, 122
0, 0, -1
0, 0, -1
0, 0, -1
0, 0, -1
0, 0, -1
0, 0, -1
0, 0, -1
0, 0, -1
0, 0, -1
0, 0, -1
0, 0, -1
0.57, 183, 175
2.6, 479, 460
2.81, 523, 510
2.93, 539, 510
2.92, 541, 510
2.9, 538, 510
2.88, 533, 510
2.89, 530, 510
2.88, 526, 510
2.85, 515, 510
2.68, 513, 494
2.19, 393, 378
0, 139, 132
0, 0, -1
0, 0, -1
0, 0, -1
0, 0, -1
0, 0, -1
0, 0, -1
0, 0, -1
0, 0, -1
0, 0, -1
0, 0, -1
0, 0, -1
0, 140, 133
1.3, 377, 362
1.72, 454, 436
1.67, 473, 455
1.72, 495, 477
1.73, 498, 479
1.68, 493, 474
1.7, 489, 471
1.72, 483, 465
1.69, 459, 442
1.54, 411, 396
1.15, 308, 296
0, 103, 97
0, 0, -1
0, 0, -1
0, 0, -1
0, 0, -1
0, 0, -1
0, 0, -1
0, 0, -1
0, 0, -1
0, 0, -1
0, 0, -1
0, 0, -1
0, 176, 168
2.16, 474, 456
2.76, 530, 510
2.88, 547, 510
2.88, 551, 510
2.86, 549, 510
2.84, 544, 510
2.85, 542, 510
2.85, 537, 510
2.79, 526, 510
2.53, 516, 497
2.12, 396, 381
0, 136, 130
0, 0, -1
0, 0, -1
0, 0, -1
0, 0, -1
0, 0, -1
0, 0, -1
0, 0, -1
0, 0, -1
0, 0, -1
0, 0, -1
0, 0, -1
0, 146, 139
1.64, 415, 399
2.1, 499, 480
2.08, 522, 502
2.06, 514, 510
1.97, 512, 510
1.99, 510, 510
2.03, 509, 510
2.07, 522, 503
2.13, 510, 490
1.99, 474, 455
1.48, 344, 330
0, 108, 102
0, 0, -1
0, 0, -1
0, 0, -1
0, 0, -1
0, 0, -1
0, 0, -1
0, 0, -1
0, 0, -1
0, 0, -1
0, 0, -1
0, 0, -1
0, 154, 147
1.82, 430, 414
2.25, 508, 489
2.32, 512, 510
2.28, 518, 510
2.2, 517, 510
2.19, 512, 510
2.23, 512, 510
2.27, 529, 509
2.25, 511, 492
2.09, 478, 460
1.57, 347, 334
0, 109, 103
0, 0, -1
0, 0, -1
0, 0, -1
0, 0, -1
0, 0, -1
0, 0, -1
0, 0, -1
0, 0, -1
0, 0, -1
0, 0, -1
0, 0, -1
0, 160, 152
2.13, 450, 432
2.61, 510, 510
2.68, 528, 510
2.68, 533, 510
2.65, 530, 510
2.64, 528, 510
2.66, 524, 510
2.66, 519, 510
2.6, 529, 509
2.42, 502, 483
1.93, 371, 356
0, 121, 115
0, 0, -1
0, 0, -1
0, 0, -1
0, 0, -1
0, 0, -1
0, 0, -1
0, 0, -1
0, 0, -1
0, 0, -1
0, 0, -1
0, 0, -1
0, 124, 118
1.22, 349, 336
1.63, 431, 415
1.61, 460, 443
1.7, 486, 468
1.69, 488, 470
1.58, 481, 463
1.76, 497, 479
1.78, 481, 463
1.68, 450, 433
1.59, 409, 394
1.53, 324, 311
0, 109, 104
0, 0, -1
0, 0, -1
0, 0, -1
0, 0, -1
0, 0, -1
0, 0, -1
0, 0, -1
0, 0, -1
0, 0, -1
0, 0, -1
0, 0, -1
0, 141, 134
1.75, 414, 398
2.19, 503, 483
2.23, 529, 509
2.18, 517, 510
2.11, 515, 510
2.05, 530, 510
2.09, 509, 510
2.15, 526, 506
2.17, 510, 491
2.05, 476, 458
1.55, 340, 327
0, 112, 107
0, 0, -1
0, 0, -1
0, 0, -1
0, 0, -1
0, 0, -1
0, 0, -1
0, 0, -1
0, 0, -1
0, 0, -1
0, 0, -1
0, 0, -1
0, 142, 136
1.96, 426, 409
2.38, 509, 490
2.44, 509, 510
2.42, 514, 510
2.41, 512, 510
2.43, 508, 510
2.47, 508, 510
2.51, 528, 508
2.55, 516, 497
2.46, 490, 472
2.05, 368, 354
0, 122, 116
0, 0, -1
0, 0, -1
0, 0, -1
0, 0, -1
0, 0, -1
0, 0, -1
0, 0, -1
0, 0, -1
0, 0, -1
0, 0, -1
0, 0, -1
0, 122, 116
1.31, 361, 348
1.75, 459, 441
1.74, 490, 471
1.74, 503, 484
1.77, 507, 488
1.74, 502, 483
1.86, 507, 488
1.91, 505, 486
1.76, 478, 460
1.65, 436, 419
1.61, 335, 322
0, 110, 105
0, 0, -1
0, 0, -1
0, 0, -1
0, 0, -1
0, 0, -1
0, 0, -1
0, 0, -1
0, 0, -1
0, 0, -1
0, 0, -1
0, 0, -1
0, 100, 95
0.67, 308, 296
1.41, 420, 404
1.37, 448, 431
1.48, 476, 458
1.41, 472, 454
1.36, 467, 449
1.19, 454, 436
1.33, 452, 435
1.46, 440, 423
1.14, 372, 358
0.93, 269, 259
0, 77, 72
0, 0, -1
0, 0, -1
0, 0, -1
0, 0, -1
0, 0, -1
0, 0, -1
0, 0, -1
0, 0, -1
0, 0, -1
0, 0, -1
0, 0, -1
0, 158, 150
1.47, 404, 389
2.21, 508, 489
2.19, 530, 510
2.09, 514, 510
2.07, 515, 510
1.99, 528, 508
2.08, 509, 510
2.15, 526, 506
2.2, 513, 494
2.19, 485, 466
1.8, 354, 341
0, 109, 104
0, 0, -1
0, 0, -1
0, 0, -1
0, 0, -1
0, 0, -1
0, 0, -1
0, 0, -1
0, 0, -1
0, 0, -1
0, 0, -1
0, 0, -1
0.9, 183, 175
2.41, 468, 450
2.82, 545, 510
2.94, 563, 510
2.93, 565, 510
2.9, 560, 510
2.87, 554, 510
2.88, 551, 510
2.9, 548, 510
2.89, 539, 510
2.66, 510, 510
2.09, 382, 367
0, 115, 109
0, 0, -1
0, 0, -1
0, 0, -1
0, 0, -1
0, 0, -1
0, 0, -1
0, 0, -1
0, 0, -1
0, 0, -1
0, 0, -1
0, 0, -1
0, 154, 147
0, 405, 390
0, 499, 480
0, 529, 509
0, 516, 510
0, 514, 510
0, 512, 510
0, 516, 510
0, 521, 510
0, 529, 509
0, 506, 487
0, 369, 355
0, 112, 106
0, 0, -1
0, 0, -1
0, 0, -1
0, 0, -1
0, 0, -1
0, 0, -1
0, 0, -1
0, 0, -1
0, 0, -1
0, 0, -1
0, 0, -1
0.5, 174, 166
2.35, 454, 436
2.75, 533, 510
2.87, 551, 510
2.86, 553, 510
2.83, 550, 510
2.81, 544, 510
2.83, 543, 510
2.82, 537, 510
2.8, 526, 510
2.52, 514, 495
2, 365, 351
0, 106, 100
0, 0, -1
0, 0, -1
0, 0, -1
0, 0, -1
0, 0, -1
0, 0, -1
0, 0, -1
0, 0, -1
0, 0, -1
0, 0, -1
0, 0, -1
0.59, 160, 153
2.2, 432, 416
2.49, 517, 510
2.65, 538, 510
2.62, 542, 510
2.6, 540, 510
2.6, 536, 510
2.69, 535, 510
2.78, 536, 510
2.77, 528, 510
2.5, 518, 498
1.82, 364, 350
0, 102, 96
0, 0, -1
0, 0, -1
0, 0, -1
0, 0, -1
0, 0, -1
0, 0, -1
0, 0, -1
0, 0, -1
0, 0, -1
0, 0, -1
0, 0, -1
0.62, 159, 151
2.1, 419, 403
2.36, 520, 500
2.36, 517, 510
2.31, 521, 510
2.25, 518, 510
2.17, 511, 510
2.14, 530, 510
2.16, 523, 503
2.2, 507, 488
2.06, 472, 455
1.52, 318, 306
0, 90, 85
0, 0, -1
0, 0, -1
0, 0, -1
0, 0, -1
0, 0, -1
0, 0, -1
0, 0, -1
0, 0, -1
0, 0, -1
0, 0, -1
0, 0, -1
0.64, 159, 152
2.28, 436, 420
2.63, 522, 510
2.7, 540, 510
2.7, 545, 510
2.65, 540, 510
2.63, 536, 510
2.64, 534, 510
2.65, 528, 510
2.68, 517, 510
2.5, 511, 491
1.84, 351, 337
0, 95, 90
0, 0, -1
0, 0, -1
0, 0, -1
0, 0, -1
0, 0, -1
0, 0, -1
0, 0, -1
0, 0, -1
0, 0, -1
0, 0, -1
0, 0, -1
0, 143, 136
1.41, 380, 365
2.08, 489, 470
2.1, 516, 497
1.98, 523, 503
1.76, 513, 494
1.79, 511, 491
1.8, 509, 490
1.88, 500, 481
2.03, 495, 476
1.84, 446, 429
1.41, 305, 293
0, 82, 77
0, 0, -1
0, 0, -1
0, 0, -1
0, 0, -1
0, 0, -1
0, 0, -1
0, 0, -1
0, 0, -1
0, 0, -1
0, 0, -1
0, 0, -1
0.58, 152, 145
2.26, 426, 410
2.63, 511, 510
2.76, 530, 510
2.66, 531, 510
2.58, 525, 510
2.58, 520, 510
2.61, 519, 510
2.63, 515, 510
2.63, 526, 506
2.38, 494, 476
1.71, 328, 315
0, 85, 80
0, 0, -1
0, 0, -1
0, 0, -1
0, 0, -1
0, 0, -1
0, 0, -1
0, 0, -1
0, 0, -1
0, 0, -1
0, 0, -1
0, 0, -1
0, 143, 136
1.78, 399, 384
2.39, 511, 492
2.49, 515, 510
2.42, 515, 510
2.42, 515, 510
2.42, 509, 510
2.46, 510, 510
2.51, 508, 510
2.53, 517, 498
2.41, 490, 471
1.65, 327, 314
0, 83, 78
0, 0, -1
0, 0, -1
0, 0, -1
0, 0, -1
0, 0, -1
0, 0, -1
0, 0, -1
0, 0, -1
0, 0, -1
0, 0, -1
0, 0, -1
0, 151, 144
2.05, 427, 410
2.65, 518, 510
2.8, 538, 510
2.79, 543, 510
2.76, 539, 510
2.78, 537, 510
2.81, 538, 510
2.88, 539, 510
2.84, 530, 510
2.55, 526, 506
1.74, 348, 335
0, 86, 81
0, 0, -1
0, 0, -1
0, 0, -1
0, 0, -1
0, 0, -1
0, 0, -1
0, 0, -1
0, 0, -1
0, 0, -1
0, 0, -1
0, 0, -1
0, 126, 120
1.55, 376, 362
2.1, 484, 466
2.17, 512, 492
2.14, 522, 502
2.06, 518, 498
2.09, 514, 495
2.14, 517, 497
2.2, 511, 492
2.23, 499, 480
2, 455, 438
0.24, 274, 263
0, 18, 15
0, 0, -1
0, 0, -1
0, 0, -1
0, 0, -1
0, 0, -1
0, 0, -1
0, 0, -1
0, 0, -1
0, 0, -1
0, 0, -1
0, 0, -1
0, 140, 134
1.89, 404, 389
2.42, 518, 498
2.46, 517, 510
2.42, 521, 510
2.39, 518, 510
2.36, 512, 510
2.36, 511, 510
2.31, 523, 503
2.39, 516, 496
2.19, 478, 460
0.24, 280, 268
0, 17, 13
0, 0, -1
0, 0, -1
0, 0, -1
0, 0, -1
0, 0, -1
0, 0, -1
0, 0, -1
0, 0, -1
0, 0, -1
0, 0, -1
0, 0, -1
0, 147, 140
2.05, 427, 410
2.76, 527, 510
2.88, 545, 510
2.83, 545, 510
2.78, 538, 510
2.68, 530, 510
2.68, 527, 510
2.66, 521, 510
2.53, 509, 510
2.28, 490, 472
0.22, 272, 261
0, 14, 11
0, 0, -1
0, 0, -1
0, 0, -1
0, 0, -1
0, 0, -1
0, 0, -1
0, 0, -1
0, 0, -1
0, 0, -1
0, 0, -1
0, 0, -1
0, 136, 130
1.91, 397, 382
2.41, 510, 491
2.44, 528, 508
2.44, 510, 510
2.43, 508, 510
2.4, 525, 505
2.4, 525, 505
2.42, 519, 499
2.49, 511, 492
2.33, 482, 464
0.25, 276, 265
0, 17, 12
0, 0, -1
0, 0, -1
0, 0, -1
0, 0, -1
0, 0, -1
0, 0, -1
0, 0, -1
0, 0, -1
0, 0, -1
0, 0, -1
0, 0, -1
0.61, 146, 139
2.44, 416, 400
2.79, 509, 510
2.83, 522, 510
2.77, 521, 510
2.7, 516, 510
2.69, 513, 510
2.72, 510, 510
2.78, 508, 510
2.79, 525, 505
2.53, 495, 476
0.24, 276, 265
0, 15, 10
0, 0, -1
0, 0, -1
0, 0, -1
0, 0, -1
0, 0, -1
0, 0, -1
0, 0, -1
0, 0, -1
0, 0, -1
0, 0, -1
0, 0, -1
0, 139, 132
2.12, 413, 397
2.77, 507, 510
2.88, 524, 510
2.84, 524, 510
2.81, 520, 510
2.8, 516, 510
2.81, 513, 510
2.83, 511, 510
2.84, 504, 510
2.54, 496, 478
0.24, 275, 264
0, 14, 10
0, 0, -1
0, 0, -1
0, 0, -1
0, 0, -1
0, 0, -1
0, 0, -1
0, 0, -1
0, 0, -1
0, 0, -1
0, 0, -1
0, 0, -1
0, 132, 126
2.05, 398, 382
2.49, 508, 489
2.53, 526, 506
2.5, 507, 510
2.44, 528, 508
2.37, 521, 501
2.4, 521, 501
2.48, 518, 498
2.52, 508, 489
2.22, 469, 451
0.12, 254, 244
0, 12, 8
0, 0, -1
0, 0, -1
0, 0, -1
0, 0, -1
0, 0, -1
0, 0, -1
0, 0, -1
0, 0, -1
0, 0, -1
0, 0, -1
0, 0, -1
0, 133, 127
2.08, 411, 395
2.66, 514, 510
2.71, 529, 510
2.61, 527, 510
2.53, 521, 510
2.5, 515, 510
2.52, 513, 510
2.59, 512, 510
2.61, 526, 506
2.31, 489, 470
0.12, 259, 248
0, 11, 8
0, 0, -1
0, 0, -1
0, 0, -1
0, 0, -1
0, 0, -1
0, 0, -1
0, 0, -1
0, 0, -1
0, 0, -1
0, 0, -1
0, 0, -1
0, 121, 115
1.75, 383, 369
2.31, 509, 489
2.3, 529, 509
2.19, 530, 510
2.1, 526, 507
2.15, 525, 505
2.22, 525, 505
2.36, 527, 507
2.43, 521, 501
2.23, 483, 465
0.12, 256, 246
0, 12, 8
0, 0, -1
0, 0, -1
0, 0, -1
0, 0, -1
0, 0, -1
0, 0, -1
0, 0, -1
0, 0, -1
0, 0, -1
0, 0, -1
0, 0, -1
0, 116, 110
1.2, 337, 323
1.73, 450, 432
1.77, 487, 468
1.7, 499, 480
1.44, 476, 458
1.38, 462, 444
1.56, 490, 472
1.05, 427, 411
0.94, 361, 347
1.04, 334, 321
0.06, 183, 175
0, 7, 4
0, 0, -1
0, 0, -1
0, 0, -1
0, 0, -1
0, 0, -1
0, 0, -1
0, 0, -1
0, 0, -1
0, 0, -1
0, 0, -1
0, 0, -1
0, 96, 91
1.35, 374, 360
1.09, 391, 377
0.84, 382, 368
0.64, 380, 366
0.88, 416, 400
1.4, 464, 446
1.51, 495, 477
0.97, 414, 399
0.58, 313, 301
0.44, 223, 214
0.38, 182, 174
0, 0, -1
0, 0, -1
0, 0, -1
0, 0, -1
0, 0, -1
0, 0, -1
0, 0, -1
0, 0, -1
0, 0, -1
0, 0, -1
0, 0, -1
0, 0, -1
0, 51, 48
0.99, 306, 294
1.67, 423, 406
2.53, 526, 510
2.61, 557, 510
1.53, 503, 484
0.17, 305, 293
0, 197, 188
0, 102, 97
0, 61, 56
0, 41, 37
0, 36, 33
0, 0, -1
0, 0, -1
0, 0, -1
0, 0, -1
0, 0, -1
0, 0, -1
0, 0, -1
0, 0, -1
0, 0, -1
0, 0, -1
0, 0, -1
0, 0, -1
0, 71, 67
0, 248, 237
0, 167, 159
0, 290, 279
0, 249, 239
0, 392, 377
0, 368, 354
0, 367, 353
0, 397, 381
0, 275, 264
0, 196, 188
0, 123, 117
0, 0, -1
0, 0, -1
0, 0, -1
0, 0, -1
0, 0, -1
0, 0, -1
0, 0, -1
0, 0, -1
0, 0, -1
0, 0, -1
0, 0, -1
0, 0, -1
0, 124, 118
2.14, 403, 387
2.76, 516, 510
2.84, 532, 510
2.78, 531, 510
2.7, 525, 510
2.73, 521, 510
2.78, 523, 510
2.83, 521, 510
2.81, 514, 510
2.46, 504, 485
0.73, 246, 237
0, 8, 5
0, 0, -1
0, 0, -1
0, 0, -1
0, 0, -1
0, 0, -1
0, 0, -1
0, 0, -1
0, 0, -1
0, 0, -1
0, 0, -1
0, 0, -1
0, 116, 110
1.83, 374, 360
2.4, 508, 489
2.34, 520, 500
2.23, 520, 500
2.14, 514, 494
2.17, 511, 492
2.2, 510, 491
2.31, 511, 492
2.36, 501, 482
2.13, 460, 443
0.1, 225, 216
0, 7, 4
0, 0, -1
0, 0, -1
0, 0, -1
0, 0, -1
0, 0, -1
0, 0, -1
0, 0, -1
0, 0, -1
0, 0, -1
0, 0, -1
0, 0, -1
0, 89, 84
0.71, 279, 268
1.5, 412, 396
1.7, 472, 454
1.57, 485, 466
1.3, 467, 449
1.46, 463, 445
1.51, 471, 454
1.49, 457, 440
1.16, 397, 382
1.15, 346, 333
0.04, 156, 149
0, 0, -1
0, 0, -1
0, 0, -1
0, 0, -1
0, 0, -1
0, 0, -1
0, 0, -1
0, 0, -1
0, 0, -1
0, 0, -1
0, 0, -1
0, 0, -1
0, 106, 100
1.63, 365, 351
2.25, 493, 474
2.22, 511, 492
2.17, 516, 497
2.09, 513, 494
2.14, 511, 492
2.13, 509, 490
2.33, 514, 494
2.34, 504, 485
2.05, 455, 438
0.09, 215, 206
0, 6, 3
0, 0, -1
0, 0, -1
0, 0, -1
0, 0, -1
0, 0, -1
0, 0, -1
0, 0, -1
0, 0, -1
0, 0, -1
0, 0, -1
0, 0, -1
0, 20, 16
0, 78, 73
0, 106, 101
0, 208, 199
0, 242, 232
0, 285, 274
0, 303, 291
0, 353, 340
0, 368, 354
0.69, 349, 336
2.12, 460, 443
0.69, 238, 228
0, 13, 9
0, 0, -1
0, 0, -1
0, 0, -1
0, 0, -1
0, 0, -1
0, 0, -1
0, 0, -1
0, 0, -1
0, 0, -1
0, 0, -1
0, 0, -1
0, 98, 93
1.5, 344, 331
1.99, 472, 454
1.8, 482, 464
1.78, 490, 471
1.66, 486, 468
1.79, 484, 466
1.74, 486, 468
1.82, 479, 461
1.66, 450, 433
1.2, 353, 339
0.41, 171, 164
0, 0, -1
0, 0, -1
0, 0, -1
0, 0, -1
0, 0, -1
0, 0, -1
0, 0, -1
0, 0, -1
0, 0, -1
0, 0, -1
0, 0, -1
0, 0, -1
0, 120, 114
2.28, 409, 393
2.87, 529, 510
2.81, 539, 510
1.99, 532, 510
0.19, 327, 314
0.1, 316, 304
0.21, 317, 305
0.18, 263, 253
0.19, 231, 221
0.08, 124, 118
0, 77, 72
0, 0, -1
0, 0, -1
0, 0, -1
0, 0, -1
0, 0, -1
0, 0, -1
0, 0, -1
0, 0, -1
0, 0, -1
0, 0, -1
0, 0, -1
0, 0, -1
0, 93, 88
1.3, 330, 317
1.86, 456, 438
2, 492, 473
1.91, 499, 481
1.8, 494, 475
1.83, 492, 473
1.8, 488, 470
1.87, 480, 462
2.03, 476, 458
1.61, 410, 394
0.06, 176, 168
0, 0, -1
0, 0, -1
0, 0, -1
0, 0, -1
0, 0, -1
0, 0, -1
0, 0, -1
0, 0, -1
0, 0, -1
0, 0, -1
0, 0, -1
0, 0, -1
0, 40, 36
0, 130, 124
0, 240, 231
0, 269, 258
0, 360, 347
0, 377, 363
0, 352, 339
0, 309, 296
0, 304, 292
0, 207, 197
0, 165, 158
0, 94, 89
0, 0, -1
0, 0, -1
0, 0, -1
0, 0, -1
0, 0, -1
0, 0, -1
0, 0, -1
0, 0, -1
0, 0, -1
0, 0, -1
0, 0, -1
0, 0, -1
0, 16, 12
0, 49, 45
0, 65, 60
0, 112, 106
0, 150, 143
0, 179, 171
0, 174, 166
0, 162, 155
0, 125, 119
0, 85, 80
0, 54, 50
0, 32, 27
0, 0, -1
0, 0, -1
0, 0, -1
0, 0, -1
0, 0, -1
0, 0, -1
0, 0, -1
0, 0, -1
0, 0, -1
0, 0, -1
0, 0, -1
0, 0, -1
0, 83, 78
1.14, 310, 298
1.94, 463, 445
1.7, 472, 454
1.62, 476, 458
1.4, 472, 454
1.2, 447, 430
1.4, 453, 436
1.38, 441, 424
1.42, 413, 397
1.48, 400, 385
0.33, 150, 144
0, 0, -1
0, 0, -1
0, 0, -1
0, 0, -1
0, 0, -1
0, 0, -1
0, 0, -1
0, 0, -1
0, 0, -1
0, 0, -1
0, 0, -1
0, 0, -1
0, 14, 10
0, 40, 37
0, 52, 49
0, 96, 91
0, 111, 106
0, 99, 94
0, 110, 105
0, 105, 99
0, 77, 72
0, 61, 57
0, 35, 32
0, 21, 18
0, 0, -1
0, 0, -1
0, 0, -1
0, 0, -1
0, 0, -1
0, 0, -1
0, 0, -1
0, 0, -1
0, 0, -1
0, 0, -1
0, 0, -1
0, 0, -1
0, 82, 77
1.24, 323, 310
1.79, 453, 435
1.86, 485, 467
1.7, 488, 469
1.65, 488, 469
1.62, 478, 460
1.75, 482, 464
1.87, 483, 465
2.02, 477, 459
1.81, 431, 414
0.37, 165, 157
0, 0, -1
0, 0, -1
0, 0, -1
0, 0, -1
0, 0, -1
0, 0, -1
0, 0, -1
0, 0, -1
0, 0, -1
0, 0, -1
0, 0, -1
0, 0, -1
0, 82, 77
1.17, 314, 301
1.73, 454, 437
1.69, 478, 460
1.68, 490, 471
1.46, 478, 460
1.56, 483, 464
1.64, 493, 474
1.64, 476, 457
1.85, 472, 454
1.66, 422, 406
0, 169, 162
0, 0, -1
0, 0, -1
0, 0, -1
0, 0, -1
0, 0, -1
0, 0, -1
0, 0, -1
0, 0, -1
0, 0, -1
0, 0, -1
0, 0, -1
0, 0, -1
0, 91, 86
2.03, 366, 351
2.52, 526, 506
2.48, 519, 510
2.41, 518, 510
2.37, 513, 510
2.38, 510, 510
2.44, 510, 510
2.56, 512, 510
2.65, 511, 510
2.42, 482, 464
0.07, 181, 173
0, 0, -1
0, 0, -1
0, 0, -1
0, 0, -1
0, 0, -1
0, 0, -1
0, 0, -1
0, 0, -1
0, 0, -1
0, 0, -1
0, 0, -1
0, 0, -1
0, 24, 21
1.5, 343, 330
2.83, 538, 510
2.7, 547, 510
2.58, 542, 510
2.51, 535, 510
2.51, 529, 510
2.57, 533, 510
2.69, 535, 510
2.73, 531, 510
2.44, 493, 474
0.07, 180, 172
0, 0, -1
0, 0, -1
0, 0, -1
0, 0, -1
0, 0, -1
0, 0, -1
0, 0, -1
0, 0, -1
0, 0, -1
0, 0, -1
0, 0, -1
0, 0, -1
0, 23, 20
1.41, 324, 311
2.53, 523, 503
2.42, 516, 510
2.3, 511, 510
2.22, 523, 503
2.18, 517, 497
2.26, 520, 500
2.38, 522, 502
2.47, 518, 498
2.24, 459, 441
0, 166, 159
0, 0, -1
0, 0, -1
0, 0, -1
0, 0, -1
0, 0, -1
0, 0, -1
0, 0, -1
0, 0, -1
0, 0, -1
0, 0, -1
0, 0, -1
0, 0, -1
0, 23, 20
1.48, 331, 318
2.73, 520, 510
2.59, 531, 510
2.48, 525, 510
2.41, 518, 510
2.41, 513, 510
2.48, 516, 510
2.59, 521, 510
2.64, 517, 510
2.47, 474, 456
0.1, 200, 191
0, 0, -1
0, 0, -1
0, 0, -1
0, 0, -1
0, 0, -1
0, 0, -1
0, 0, -1
0, 0, -1
0, 0, -1
0, 0, -1
0, 0, -1
0, 0, -1
0, 14, 10
1.46, 327, 314
2.37, 509, 489
1.92, 492, 473
2.49, 541, 510
2.62, 543, 510
2.61, 539, 510
2.64, 542, 510
2.4, 532, 510
1.86, 465, 448
2.02, 426, 410
0, 135, 128
0, 0, -1
0, 0, -1
0, 0, -1
0, 0, -1
0, 0, -1
0, 0, -1
0, 0, -1
0, 0, -1
0, 0, -1
0, 0, -1
0, 0, -1
0, 0, -1
0, 18, 15
1.12, 294, 282
1.99, 467, 449
1.88, 488, 469
1.78, 493, 475
1.55, 480, 462
1.6, 476, 457
1.66, 481, 463
1.82, 480, 462
1.92, 471, 453
1.76, 400, 384
0, 157, 150
0, 0, -1
0, 0, -1
0, 0, -1
0, 0, -1
0, 0, -1
0, 0, -1
0, 0, -1
0, 0, -1
0, 0, -1
0, 0, -1
0, 0, -1
0, 0, -1
0, 17, 14
1.1, 288, 276
1.72, 444, 427
1.7, 472, 454
1.62, 475, 457
1.42, 465, 447
1.44, 462, 444
1.58, 469, 451
1.58, 461, 443
1.65, 446, 429
1.48, 370, 356
0, 136, 129
0, 0, -1
0, 0, -1
0, 0, -1
0, 0, -1
0, 0, -1
0, 0, -1
0, 0, -1
0, 0, -1
0, 0, -1
0, 0, -1
0, 0, -1
0, 0, -1
0, 20, 18
1.56, 330, 317
2.8, 538, 510
2.63, 548, 510
2.53, 543, 510
2.44, 534, 510
2.46, 530, 510
2.52, 532, 510
2.62, 536, 510
2.66, 530, 510
2.44, 462, 444
0, 176, 168
0, 0, -1
0, 0, -1
0, 0, -1
0, 0, -1
0, 0, -1
0, 0, -1
0, 0, -1
0, 0, -1
0, 0, -1
0, 0, -1
0, 0, -1
0, 0, -1
0, 17, 14
1.21, 300, 288
2.4, 504, 485
2.36, 523, 504
2.3, 523, 503
2.22, 515, 496
2.25, 513, 494
2.33, 518, 498
2.45, 522, 502
2.52, 518, 499
2.32, 433, 417
0, 162, 154
0, 0, -1
0, 0, -1
0, 0, -1
0, 0, -1
0, 0, -1
0, 0, -1
0, 0, -1
0, 0, -1
0, 0, -1
0, 0, -1
0, 0, -1
0, 0, -1
0, 17, 14
1.32, 308, 296
2.53, 519, 499
2.41, 512, 510
2.3, 525, 506
2.19, 516, 497
2.24, 515, 496
2.31, 520, 500
2.42, 523, 503
2.49, 519, 500
2.31, 430, 413
0, 157, 150
0, 0, -1
0, 0, -1
0, 0, -1
0, 0, -1
0, 0, -1
0, 0, -1
0, 0, -1
0, 0, -1
0, 0, -1
0, 0, -1
0, 0, -1
0, 0, -1
0, 17, 15
1.41, 310, 298
2.55, 523, 503
2.39, 511, 510
2.3, 525, 505
2.26, 521, 501
2.26, 518, 498
2.35, 523, 503
2.48, 529, 509
2.55, 527, 507
2.32, 429, 413
0, 157, 150
0, 0, -1
0, 0, -1
0, 0, -1
0, 0, -1
0, 0, -1
0, 0, -1
0, 0, -1
0, 0, -1
0, 0, -1
0, 0, -1
0, 0, -1
0, 0, -1
0, 16, 12
1.32, 305, 293
2.56, 523, 503
2.44, 514, 510
2.34, 528, 508
2.26, 520, 500
2.3, 519, 499
2.39, 524, 504
2.51, 530, 510
2.6, 530, 510
2.4, 431, 414
0, 153, 146
0, 0, -1
0, 0, -1
0, 0, -1
0, 0, -1
0, 0, -1
0, 0, -1
0, 0, -1
0, 0, -1
0, 0, -1
0, 0, -1
0, 0, -1
0, 0, -1
0, 15, 11
1.2, 292, 280
2.35, 502, 483
2.26, 516, 497
2.18, 517, 497
2.07, 507, 488
2.12, 506, 487
2.24, 514, 494
2.37, 519, 499
2.42, 514, 495
2.19, 408, 393
0, 135, 129
0, 0, -1
0, 0, -1
0, 0, -1
0, 0, -1
0, 0, -1
0, 0, -1
0, 0, -1
0, 0, -1
0, 0, -1
0, 0, -1
0, 0, -1
0, 0, -1
0, 10, 7
0, 177, 170
0, 318, 306
0, 301, 289
0, 354, 341
0, 336, 323
0, 402, 387
0, 448, 430
0, 463, 445
0, 407, 391
0, 314, 302
0, 85, 79
0, 0, -1
0, 0, -1
0, 0, -1
0, 0, -1
0, 0, -1
0, 0, -1
0, 0, -1
0, 0, -1
0, 0, -1
0, 0, -1
0, 0, -1
0, 0, -1
0, 14, 11
1.17, 302, 290
2.64, 528, 508
2.49, 516, 510
2.38, 529, 509
2.3, 519, 500
2.31, 516, 496
2.4, 522, 502
2.52, 528, 508
2.62, 524, 504
2.35, 410, 394
0, 134, 127
0, 0, -1
0, 0, -1
0, 0, -1
0, 0, -1
0, 0, -1
0, 0, -1
0, 0, -1
0, 0, -1
0, 0, -1
0, 0, -1
0, 0, -1
0, 0, -1
0, 14, 10
1.3, 304, 292
2.72, 520, 510
2.53, 528, 510
2.4, 521, 510
2.33, 510, 510
2.32, 525, 506
2.4, 509, 510
2.51, 513, 510
2.56, 529, 509
2.18, 401, 385
0, 123, 117
0, 0, -1
0, 0, -1
0, 0, -1
0, 0, -1
0, 0, -1
0, 0, -1
0, 0, -1
0, 0, -1
0, 0, -1
0, 0, -1
0, 0, -1
0, 0, -1
0, 9, 6
0.63, 225, 215
1.98, 466, 448
1.69, 469, 451
1.37, 459, 441
1.28, 454, 436
0.93, 415, 399
1.1, 419, 403
1.1, 405, 390
1.09, 370, 356
0.72, 238, 228
0.11, 71, 66
0, 0, -1
0, 0, -1
0, 0, -1
0, 0, -1
0, 0, -1
0, 0, -1
0, 0, -1
0, 0, -1
0, 0, -1
0, 0, -1
0, 0, -1
0, 0, -1
0, 12, 8
0.96, 266, 255
2.13, 477, 459
2.04, 498, 479
1.91, 495, 476
1.85, 489, 470
1.89, 489, 470
1.92, 490, 471
2.04, 492, 473
2.06, 480, 462
1.7, 353, 340
0, 100, 95
0, 0, -1
0, 0, -1
0, 0, -1
0, 0, -1
0, 0, -1
0, 0, -1
0, 0, -1
0, 0, -1
0, 0, -1
0, 0, -1
0, 0, -1
0, 0, -1
0, 12, 9
1.28, 293, 281
2.55, 515, 510
2.44, 528, 510
2.32, 521, 510
2.24, 529, 509
2.24, 526, 506
2.32, 530, 510
2.43, 516, 510
2.47, 528, 508
1.99, 384, 369
0, 103, 97
0, 0, -1
0, 0, -1
0, 0, -1
0, 0, -1
0, 0, -1
0, 0, -1
0, 0, -1
0, 0, -1
0, 0, -1
0, 0, -1
0, 0, -1
0, 0, -1
0, 12, 8
1.2, 283, 271
2.45, 512, 492
2.35, 525, 505
2.23, 517, 498
2.14, 507, 488
2.14, 503, 484
2.22, 507, 487
2.31, 510, 490
2.38, 505, 486
1.88, 365, 352
0, 92, 87
0, 0, -1
0, 0, -1
0, 0, -1
0, 0, -1
0, 0, -1
0, 0, -1
0, 0, -1
0, 0, -1
0, 0, -1
0, 0, -1
0, 0, -1
0, 0, -1
0, 10, 7
0, 202, 194
0, 331, 318
0, 390, 375
0.8, 424, 408
1.19, 440, 424
1.14, 436, 419
1.07, 416, 400
1.39, 428, 412
1.41, 408, 393
0.97, 292, 280
0, 27, 23
0, 0, -1
0, 0, -1
0, 0, -1
0, 0, -1
0, 0, -1
0, 0, -1
0, 0, -1
0, 0, -1
0, 0, -1
0, 0, -1
0, 0, -1
0, 0, -1
0, 7, 5
0.67, 234, 224
1.29, 384, 369
1.15, 410, 394
1.22, 439, 422
1.09, 428, 412
1.03, 428, 412
0.76, 389, 374
1.11, 400, 385
1.59, 441, 424
0.56, 233, 223
0, 15, 11
0, 0, -1
0, 0, -1
0, 0, -1
0, 0, -1
0, 0, -1
0, 0, -1
0, 0, -1
0, 0, -1
0, 0, -1
0, 0, -1
0, 0, -1
0, 0, -1
0, 9, 6
0.73, 227, 218
1.67, 429, 412
1.78, 492, 474
1.3, 460, 442
1.04, 432, 415
0.76, 407, 391
0.81, 392, 377
1.06, 398, 383
1.24, 387, 371
0.83, 274, 263
0, 27, 24
0, 0, -1
0, 0, -1
0, 0, -1
0, 0, -1
0, 0, -1
0, 0, -1
0, 0, -1
0, 0, -1
0, 0, -1
0, 0, -1
0, 0, -1
0, 0, -1
0, 9, 6
0.6, 227, 218
1.19, 353, 340
1.45, 449, 432
1.1, 428, 411
0.96, 413, 397
1.3, 448, 431
1.41, 454, 437
1.52, 448, 431
1.28, 394, 379
0.58, 227, 217
0, 11, 8
0, 0, -1
0, 0, -1
0, 0, -1
0, 0, -1
0, 0, -1
0, 0, -1
0, 0, -1
0, 0, -1
0, 0, -1
0, 0, -1
0, 0, -1
0, 0, -1
0, 9, 6
1.29, 277, 266
2.54, 530, 510
2.39, 523, 510
2.28, 514, 510
2.19, 521, 502
2.22, 519, 499
2.31, 525, 505
2.44, 512, 510
2.41, 526, 506
0.38, 309, 297
0, 17, 14
0, 0, -1
0, 0, -1
0, 0, -1
0, 0, -1
0, 0, -1
0, 0, -1
0, 0, -1
0, 0, -1
0, 0, -1
0, 0, -1
0, 0, -1
0, 0, -1
0, 8, 5
0.6, 216, 207
1.68, 426, 409
1.65, 461, 444
1.58, 467, 449
1.69, 470, 452
1.65, 465, 447
1.84, 476, 458
1.99, 481, 463
2.01, 473, 455
0.69, 285, 274
0, 18, 14
0, 0, -1
0, 0, -1
0, 0, -1
0, 0, -1
0, 0, -1
0, 0, -1
0, 0, -1
0, 0, -1
0, 0, -1
0, 0, -1
0, 0, -1
0, 0, -1
0, 0, -1
0, 41, 37
0, 53, 49
0, 90, 85
0, 202, 193
0, 257, 246
0, 317, 304
0, 261, 250
0, 258, 248
1.38, 436, 419
1.15, 331, 318
0, 39, 35
0, 0, -1
0, 0, -1
0, 0, -1
0, 0, -1
0, 0, -1
0, 0, -1
0, 0, -1
0, 0, -1
0, 0, -1
0, 0, -1
0, 0, -1
0, 0, -1
0, 0, -1
0, 84, 79
0, 133, 127
0, 251, 241
0, 255, 245
0, 267, 256
0, 266, 255
0, 253, 242
0, 255, 244
0, 234, 224
0, 188, 180
0, 10, 7
0, 0, -1
0, 0, -1
0, 0, -1
0, 0, -1
0, 0, -1
0, 0, -1
0, 0, -1
0, 0, -1
0, 0, -1
0, 0, -1
0, 0, -1
0, 0, -1
0, 0, -1
0, 104, 99
0, 63, 59
0, 179, 171
0, 366, 352
0.71, 429, 413
0.77, 387, 373
1.3, 438, 421
1.51, 435, 418
1.93, 467, 449
0.66, 252, 242
0, 9, 6
0, 0, -1
0, 0, -1
0, 0, -1
0, 0, -1
0, 0, -1
0, 0, -1
0, 0, -1
0, 0, -1
0, 0, -1
0, 0, -1
0, 0, -1
0, 0, -1
0, 7, 4
0.98, 248, 238
2.32, 494, 475
2.2, 505, 486
2.05, 494, 475
1.95, 483, 464
1.97, 480, 462
2.1, 489, 470
2.23, 496, 477
2.21, 488, 469
0.76, 268, 257
0, 11, 8
0, 0, -1
0, 0, -1
0, 0, -1
0, 0, -1
0, 0, -1
0, 0, -1
0, 0, -1
0, 0, -1
0, 0, -1
0, 0, -1
0, 0, -1
0, 0, -1
0, 7, 4
1, 250, 240
2.43, 505, 486
2.3, 516, 496
2.17, 506, 487
2.08, 494, 475
2.09, 490, 472
2.21, 500, 481
2.35, 509, 490
2.34, 502, 483
0.2, 270, 259
0, 10, 7
0, 0, -1
0, 0, -1
0, 0, -1
0, 0, -1
0, 0, -1
0, 0, -1
0, 0, -1
0, 0, -1
0, 0, -1
0, 0, -1
0, 0, -1
0, 0, -1
0, 8, 6
0, 118, 112
0, 123, 117
0, 246, 236
0, 393, 378
0, 333, 320
0, 324, 311
0, 377, 362
0, 345, 331
0, 130, 124
0, 117, 111
0, 0, -1
0, 0, -1
0, 0, -1
0, 0, -1
0, 0, -1
0, 0, -1
0, 0, -1
0, 0, -1
0, 0, -1
0, 0, -1
0, 0, -1
0, 0, -1
0, 0, -1
0, 0, -1
0, 96, 90
0, 124, 118
0, 187, 179
0, 244, 234
0, 227, 218
0, 253, 243
0, 243, 233
0, 221, 212
0, 130, 124
0, 89, 83
0, 0, -1
0, 0, -1
0, 0, -1
0, 0, -1
0, 0, -1
0, 0, -1
0, 0, -1
0, 0, -1
0, 0, -1
0, 0, -1
0, 0, -1
0, 0, -1
0, 0, -1
0, 0, -1
0.68, 226, 216
2.22, 476, 457
2.11, 490, 471
1.99, 483, 465
1.91, 473, 455
1.9, 469, 450
1.99, 474, 455
2.14, 479, 461
2.07, 465, 447
0.64, 239, 229
0, 7, 4
0, 0, -1
0, 0, -1
0, 0, -1
0, 0, -1
0, 0, -1
0, 0, -1
0, 0, -1
0, 0, -1
0, 0, -1
0, 0, -1
0, 0, -1
0, 0, -1
0, 0, -1
0.8, 237, 227
2.38, 503, 483
2.24, 512, 493
2.09, 499, 480
1.99, 485, 466
2, 481, 462
2.14, 487, 468
2.3, 494, 475
2.22, 477, 459
0.1, 238, 227
0, 0, -1
0, 0, -1
0, 0, -1
0, 0, -1
0, 0, -1
0, 0, -1
0, 0, -1
0, 0, -1
0, 0, -1
0, 0, -1
0, 0, -1
0, 0, -1
0, 0, -1
0, 0, -1
0.84, 222, 213
2.2, 475, 456
2.08, 488, 469
1.91, 477, 458
1.8, 462, 444
1.81, 456, 438
1.96, 464, 446
2.11, 469, 451
2.07, 454, 436
0, 227, 217
0, 0, -1
0, 0, -1
0, 0, -1
0, 0, -1
0, 0, -1
0, 0, -1
0, 0, -1
0, 0, -1
0, 0, -1
0, 0, -1
0, 0, -1
0, 0, -1
0, 0, -1
0, 0, -1
0.84, 230, 220
2.3, 500, 481
2.23, 518, 499
2.08, 508, 489
2, 493, 474
2.05, 490, 471
2.18, 497, 478
2.31, 502, 483
2.16, 480, 461
0, 229, 220
0, 0, -1
0, 0, -1
0, 0, -1
0, 0, -1
0, 0, -1
0, 0, -1
0, 0, -1
0, 0, -1
0, 0, -1
0, 0, -1
0, 0, -1
0, 0, -1
0, 0, -1
0, 0, -1
0.81, 223, 214
2.3, 493, 474
2.17, 504, 485
2.02, 493, 474
1.95, 481, 463
2.02, 481, 463
2.18, 493, 475
2.37, 507, 487
2.33, 498, 479
0, 237, 227
0, 6, 4
0, 0, -1
0, 0, -1
0, 0, -1
0, 0, -1
0, 0, -1
0, 0, -1
0, 0, -1
0, 0, -1
0, 0, -1
0, 0, -1
0, 0, -1
0, 0, -1
0, 0, -1
0.73, 213, 204
2.18, 477, 458
2.11, 496, 477
1.95, 484, 466
1.89, 473, 455
1.95, 472, 454
2.08, 480, 462
2.25, 489, 470
2.23, 481, 462
0, 222, 213
0, 0, -1
0, 0, -1
0, 0, -1
0, 0, -1
0, 0, -1
0, 0, -1
0, 0, -1
0, 0, -1
0, 0, -1
0, 0, -1
0, 0, -1
0, 0, -1
0, 0, -1
0, 0, -1
0, 107, 101
0, 166, 158
0, 249, 239
0, 307, 295
0, 301, 289
0, 289, 277
0, 239, 229
0, 186, 178
0, 123, 117
0, 95, 90
0, 0, -1
0, 0, -1
0, 0, -1
0, 0, -1
0, 0, -1
0, 0, -1
0, 0, -1
0, 0, -1
0, 0, -1
0, 0, -1
0, 0, -1
0, 0, -1
0, 0, -1
0, 0, -1
0.52, 197, 189
2.1, 461, 443
1.92, 471, 452
1.62, 451, 433
1.41, 433, 416
1.31, 419, 403
1.39, 423, 407
1.46, 417, 401
1.3, 373, 359
0, 159, 152
0, 0, -1
0, 0, -1
0, 0, -1
0, 0, -1
0, 0, -1
0, 0, -1
0, 0, -1
0, 0, -1
0, 0, -1
0, 0, -1
0, 0, -1
0, 0, -1
0, 0, -1
0, 0, -1
0, 128, 122
0, 198, 189
0, 248, 238
0, 288, 276
0, 322, 309
0, 326, 314
0, 305, 293
0, 300, 288
0, 179, 171
0, 105, 99
0, 0, -1
0, 0, -1
0, 0, -1
0, 0, -1
0, 0, -1
0, 0, -1
0, 0, -1
0, 0, -1
0, 0, -1
0, 0, -1
0, 0, -1
0, 0, -1
0, 0, -1
0, 0, -1
0, 158, 151
0, 273, 262
0, 237, 227
0, 280, 269
0, 329, 316
0, 299, 287
0, 289, 277
1.08, 408, 393
1.61, 417, 401
0.52, 214, 205
0, 8, 5
0, 0, -1
0, 0, -1
0, 0, -1
0, 0, -1
0, 0, -1
0, 0, -1
0, 0, -1
0, 0, -1
0, 0, -1
0, 0, -1
0, 0, -1
0, 0, -1
0, 0, -1
0.7, 206, 197
2.25, 496, 477
2.12, 508, 489
1.94, 494, 476
1.85, 482, 463
1.88, 481, 462
2.01, 492, 473
2.18, 503, 484
2.1, 488, 470
0.46, 205, 196
0, 0, -1
0, 0, -1
0, 0, -1
0, 0, -1
0, 0, -1
0, 0, -1
0, 0, -1
0, 0, -1
0, 0, -1
0, 0, -1
0, 0, -1
0, 0, -1
0, 0, -1
0, 0, -1
0, 185, 177
1.7, 448, 431
1.77, 463, 446
1.56, 448, 431
1.47, 435, 419
1.52, 433, 416
1.72, 446, 429
1.84, 451, 434
1.56, 418, 402
0, 170, 162
0, 0, -1
0, 0, -1
0, 0, -1
0, 0, -1
0, 0, -1
0, 0, -1
0, 0, -1
0, 0, -1
0, 0, -1
0, 0, -1
0, 0, -1
0, 0, -1
0, 0, -1
0, 0, -1
0, 186, 178
1.77, 467, 449
1.93, 481, 463
1.76, 468, 450
1.69, 458, 441
1.77, 459, 441
1.95, 471, 453
2.14, 484, 465
2.09, 473, 455
0, 192, 184
0, 0, -1
0, 0, -1
0, 0, -1
0, 0, -1
0, 0, -1
0, 0, -1
0, 0, -1
0, 0, -1
0, 0, -1
0, 0, -1
0, 0, -1
0, 0, -1
0, 0, -1
0, 0, -1
0, 184, 175
1.69, 462, 444
1.83, 473, 454
1.68, 462, 444
1.6, 451, 433
1.65, 449, 432
1.85, 463, 445
2.05, 477, 458
2.01, 464, 446
0, 186, 177
0, 0, -1
0, 0, -1
0, 0, -1
0, 0, -1
0, 0, -1
0, 0, -1
0, 0, -1
0, 0, -1
0, 0, -1
0, 0, -1
0, 0, -1
0, 0, -1
0, 0, -1
0, 0, -1
0, 181, 173
1.7, 461, 443
1.88, 476, 458
1.71, 463, 445
1.61, 450, 432
1.67, 449, 432
1.83, 458, 440
2.01, 468, 450
1.97, 460, 442
0, 176, 168
0, 0, -1
0, 0, -1
0, 0, -1
0, 0, -1
0, 0, -1
0, 0, -1
0, 0, -1
0, 0, -1
0, 0, -1
0, 0, -1
0, 0, -1
0, 0, -1
0, 0, -1
0, 0, -1
0, 167, 160
1.4, 440, 423
1.71, 461, 444
1.54, 450, 433
1.48, 440, 423
1.59, 443, 426
1.8, 458, 441
2.03, 475, 457
1.95, 460, 442
0, 174, 166
0, 0, -1
0, 0, -1
0, 0, -1
0, 0, -1
0, 0, -1
0, 0, -1
0, 0, -1
0, 0, -1
0, 0, -1
0, 0, -1
0, 0, -1
0, 0, -1
0, 0, -1
0, 0, -1
0, 172, 164
1.68, 457, 439
1.87, 470, 452
1.72, 460, 442
1.61, 445, 427
1.67, 443, 426
1.86, 456, 438
2.04, 469, 451
1.95, 448, 431
0, 165, 157
0, 0, -1
0, 0, -1
0, 0, -1
0, 0, -1
0, 0, -1
0, 0, -1
0, 0, -1
0, 0, -1
0, 0, -1
0, 0, -1
0, 0, -1
0, 0, -1
0, 0, -1
0, 0, -1
0.71, 192, 184
1.52, 417, 400
1.17, 395, 380
1.11, 401, 385
1.06, 397, 382
1.08, 395, 380
1.07, 398, 383
0.96, 377, 363
0.21, 348, 334
0, 147, 140
0, 0, -1
0, 0, -1
0, 0, -1
0, 0, -1
0, 0, -1
0, 0, -1
0, 0, -1
0, 0, -1
0, 0, -1
0, 0, -1
0, 0, -1
0, 0, -1
0, 0, -1
0, 0, -1
0, 162, 154
1.25, 404, 388
1.51, 431, 414
1.32, 422, 406
1.22, 409, 393
1.24, 406, 390
1.48, 424, 408
1.59, 423, 407
1.4, 396, 381
0, 166, 159
0, 0, -1
0, 0, -1
0, 0, -1
0, 0, -1
0, 0, -1
0, 0, -1
0, 0, -1
0, 0, -1
0, 0, -1
0, 0, -1
0, 0, -1
0, 0, -1
0, 0, -1
0, 0, -1
0.55, 189, 180
1.8, 450, 432
1.75, 470, 451
1.6, 460, 442
1.46, 441, 424
1.54, 441, 424
1.75, 457, 439
1.94, 470, 452
1.95, 447, 429
0, 192, 183
0, 0, -1
0, 0, -1
0, 0, -1
0, 0, -1
0, 0, -1
0, 0, -1
0, 0, -1
0, 0, -1
0, 0, -1
0, 0, -1
0, 0, -1
0, 0, -1
0, 0, -1
0, 0, -1
0.91, 208, 198
2.05, 485, 466
1.96, 505, 485
1.77, 488, 469
1.69, 471, 453
1.75, 468, 450
1.91, 481, 462
2.1, 493, 475
2.1, 467, 449
0, 200, 191
0, 0, -1
0, 0, -1
0, 0, -1
0, 0, -1
0, 0, -1
0, 0, -1
0, 0, -1
0, 0, -1
0, 0, -1
0, 0, -1
0, 0, -1
0, 0, -1
0, 0, -1
0, 0, -1
0, 128, 122
0, 329, 316
0, 357, 343
0, 362, 348
0, 360, 345
0, 359, 344
0, 351, 337
0, 311, 299
0, 299, 287
0, 116, 110
0, 0, -1
0, 0, -1
0, 0, -1
0, 0, -1
0, 0, -1
0, 0, -1
0, 0, -1
0, 0, -1
0, 0, -1
0, 0, -1
0, 0, -1
0, 0, -1
0, 0, -1
0, 0, -1
0.82, 195, 186
2.02, 471, 452
1.92, 497, 477
1.73, 478, 460
1.62, 460, 443
1.65, 458, 440
1.8, 472, 454
1.97, 486, 468
1.99, 454, 436
0, 191, 182
0, 0, -1
0, 0, -1
0, 0, -1
0, 0, -1
0, 0, -1
0, 0, -1
0, 0, -1
0, 0, -1
0, 0, -1
0, 0, -1
0, 0, -1
0, 0, -1
0, 0, -1
0, 0, -1
0.57, 182, 174
1.94, 449, 432
1.85, 478, 460
1.68, 463, 446
1.59, 447, 430
1.65, 446, 429
1.83, 460, 442
2.01, 473, 455
2.02, 441, 423
0, 181, 173
0, 0, -1
0, 0, -1
0, 0, -1
0, 0, -1
0, 0, -1
0, 0, -1
0, 0, -1
0, 0, -1
0, 0, -1
0, 0, -1
0, 0, -1
0, 0, -1
0, 0, -1
0, 0, -1
0, 160, 153
1.25, 409, 393
1.56, 443, 426
1.38, 430, 413
1.19, 407, 391
1.27, 409, 393
1.42, 418, 402
1.63, 430, 413
1.4, 389, 374
0, 147, 140
0, 0, -1
0, 0, -1
0, 0, -1
0, 0, -1
0, 0, -1
0, 0, -1
0, 0, -1
0, 0, -1
0, 0, -1
0, 0, -1
0, 0, -1
0, 0, -1
0, 0, -1
0, 0, -1
0, 159, 151
1.45, 410, 394
1.63, 445, 428
1.49, 437, 420
1.37, 420, 404
1.38, 416, 399
1.53, 426, 409
1.66, 431, 414
1.47, 391, 375
0, 152, 145
0, 0, -1
0, 0, -1
0, 0, -1
0, 0, -1
0, 0, -1
0, 0, -1
0, 0, -1
0, 0, -1
0, 0, -1
0, 0, -1
0, 0, -1
0, 0, -1
0, 0, -1
0, 0, -1
0, 156, 149
1.6, 413, 397
1.68, 445, 428
1.55, 436, 419
1.42, 418, 402
1.48, 417, 401
1.67, 432, 415
1.83, 441, 424
1.83, 402, 387
0, 153, 146
0, 0, -1
0, 0, -1
0, 0, -1
0, 0, -1
0, 0, -1
0, 0, -1
0, 0, -1
0, 0, -1
0, 0, -1
0, 0, -1
0, 0, -1
0, 0, -1
0, 0, -1
0, 0, -1
0.61, 168, 160
1.94, 434, 417
1.85, 475, 457
1.67, 459, 441
1.56, 442, 425
1.62, 438, 421
1.8, 452, 435
1.99, 465, 447
1.98, 421, 405
0, 164, 157
0, 0, -1
0, 0, -1
0, 0, -1
0, 0, -1
0, 0, -1
0, 0, -1
0, 0, -1
0, 0, -1
0, 0, -1
0, 0, -1
0, 0, -1
0, 0, -1
0, 0, -1
0, 0, -1
0, 156, 149
1.53, 414, 398
1.77, 455, 437
1.58, 438, 421
1.47, 420, 404
1.52, 418, 402
1.7, 432, 415
1.9, 446, 429
1.89, 403, 388
0, 153, 146
0, 0, -1
0, 0, -1
0, 0, -1
0, 0, -1
0, 0, -1
0, 0, -1
0, 0, -1
0, 0, -1
0, 0, -1
0, 0, -1
0, 0, -1
0, 0, -1
0, 0, -1
0, 0, -1
0, 151, 144
1.55, 411, 395
1.8, 457, 440
1.6, 440, 423
1.49, 423, 407
1.55, 422, 406
1.73, 435, 418
1.92, 448, 431
1.92, 405, 390
0, 153, 146
0, 0, -1
0, 0, -1
0, 0, -1
0, 0, -1
0, 0, -1
0, 0, -1
0, 0, -1
0, 0, -1
0, 0, -1
0, 0, -1
0, 0, -1
0, 0, -1
0, 0, -1
0, 0, -1
0, 99, 93
0, 272, 261
0, 324, 311
0, 334, 320
0, 334, 321
0, 330, 317
0, 328, 315
0, 328, 315
0, 275, 264
0, 102, 96
0, 0, -1
0, 0, -1
0, 0, -1
0, 0, -1
0, 0, -1
0, 0, -1
0, 0, -1
0, 0, -1
0, 0, -1
0, 0, -1
0, 0, -1
0, 0, -1
0, 0, -1
0, 0, -1
0, 131, 124
1.28, 376, 361
1.49, 427, 410
1.31, 412, 396
1.21, 396, 381
1.25, 396, 380
1.39, 408, 392
1.56, 421, 405
1.56, 381, 366
0.36, 141, 134
0, 0, -1
0, 0, -1
0, 0, -1
0, 0, -1
0, 0, -1
0, 0, -1
0, 0, -1
0, 0, -1
0, 0, -1
0, 0, -1
0, 0, -1
0, 0, -1
0, 0, -1
0, 0, -1
0, 92, 87
1.34, 399, 384
1.62, 445, 427
1.38, 422, 405
1.42, 440, 423
1.55, 462, 445
1.73, 477, 459
1.94, 490, 471
1.94, 434, 417
0, 163, 156
0, 0, -1
0, 0, -1
0, 0, -1
0, 0, -1
0, 0, -1
0, 0, -1
0, 0, -1
0, 0, -1
0, 0, -1
0, 0, -1
0, 0, -1
0, 0, -1
0, 0, -1
0, 0, -1
0, 129, 122
1.34, 390, 374
1.62, 444, 427
1.45, 430, 413
1.34, 414, 397
1.39, 412, 396
1.6, 430, 413
1.81, 446, 429
1.78, 398, 382
0, 143, 136
0, 0, -1
0, 0, -1
0, 0, -1
0, 0, -1
0, 0, -1
0, 0, -1
0, 0, -1
0, 0, -1
0, 0, -1
0, 0, -1
0, 0, -1
0, 0, -1
0, 0, -1
0, 0, -1
0, 126, 120
1.35, 389, 373
1.65, 447, 430
1.47, 432, 415
1.35, 413, 397
1.38, 410, 394
1.59, 427, 410
1.8, 443, 426
1.84, 398, 382
0, 145, 138
0, 0, -1
0, 0, -1
0, 0, -1
0, 0, -1
0, 0, -1
0, 0, -1
0, 0, -1
0, 0, -1
0, 0, -1
0, 0, -1
0, 0, -1
0, 0, -1
0, 0, -1
0, 0, -1
0, 134, 128
1.47, 400, 384
1.75, 466, 448
1.55, 448, 431
1.44, 429, 413
1.49, 429, 412
1.68, 446, 429
1.89, 462, 445
1.9, 411, 395
0, 149, 142
0, 0, -1
0, 0, -1
0, 0, -1
0, 0, -1
0, 0, -1
0, 0, -1
0, 0, -1
0, 0, -1
0, 0, -1
0, 0, -1
0, 0, -1
0, 0, -1
0, 0, -1
0, 0, -1
0, 88, 83
0, 245, 235
0, 316, 304
0, 323, 310
0, 312, 299
0, 330, 317
0, 339, 325
0, 316, 304
0, 283, 272
0, 101, 95
0, 0, -1
0, 0, -1
0, 0, -1
0, 0, -1
0, 0, -1
0, 0, -1
0, 0, -1
0, 0, -1
0, 0, -1
0, 0, -1
0, 0, -1
0, 0, -1
0, 0, -1
0, 0, -1
0, 108, 102
1.31, 356, 342
1.52, 420, 404
1.36, 405, 390
1.22, 387, 372
1.21, 380, 365
1.34, 392, 378
1.51, 407, 391
1.51, 355, 341
0.29, 117, 111
0, 0, -1
0, 0, -1
0, 0, -1
0, 0, -1
0, 0, -1
0, 0, -1
0, 0, -1
0, 0, -1
0, 0, -1
0, 0, -1
0, 0, -1
0, 0, -1
0, 0, -1
0, 0, -1
0, 103, 97
1.34, 354, 340
1.59, 431, 414
1.41, 415, 399
1.29, 397, 382
1.31, 393, 378
1.5, 412, 396
1.72, 429, 413
1.7, 374, 359
0, 126, 120
0, 0, -1
0, 0, -1
0, 0, -1
0, 0, -1
0, 0, -1
0, 0, -1
0, 0, -1
0, 0, -1
0, 0, -1
0, 0, -1
0, 0, -1
0, 0, -1
0, 0, -1
0, 0, -1
0, 92, 87
0.93, 323, 310
1.31, 401, 386
1.15, 392, 377
1.09, 381, 366
1.11, 380, 365
1.16, 386, 370
1.12, 380, 365
0.72, 323, 310
0, 106, 101
0, 0, -1
0, 0, -1
0, 0, -1
0, 0, -1
0, 0, -1
0, 0, -1
0, 0, -1
0, 0, -1
0, 0, -1
0, 0, -1
0, 0, -1
0, 0, -1
0, 0, -1
0, 0, -1
0, 71, 65
0, 209, 200
0, 268, 257
0, 378, 363
0, 356, 342
0, 358, 344
0, 355, 341
0, 314, 302
0.79, 312, 300
0.14, 86, 81
0, 0, -1
0, 0, -1
0, 0, -1
0, 0, -1
0, 0, -1
0, 0, -1
0, 0, -1
0, 0, -1
0, 0, -1
0, 0, -1
0, 0, -1
0, 0, -1
0, 0, -1
0, 0, -1
0, 14, 10
0, 50, 46
0, 192, 184
0, 247, 236
0, 339, 325
0, 294, 282
0, 334, 321
0, 320, 308
0, 161, 154
0, 73, 68
0, 0, -1
0, 0, -1
0, 0, -1
0, 0, -1
0, 0, -1
0, 0, -1
0, 0, -1
0, 0, -1
0, 0, -1
0, 0, -1
0, 0, -1
0, 0, -1
0, 0, -1
0, 0, -1
0, 80, 75
0, 264, 253
0, 325, 312
0, 379, 364
0, 335, 322
0, 345, 331
0, 328, 315
0.56, 365, 351
0.87, 277, 266
0.21, 94, 88
0, 0, -1
0, 0, -1
0, 0, -1
0, 0, -1
0, 0, -1
0, 0, -1
0, 0, -1
0, 0, -1
0, 0, -1
0, 0, -1
0, 0, -1
0, 0, -1
0, 0, -1
0, 0, -1
0, 65, 61
0, 179, 171
0, 272, 260
0, 233, 223
0, 353, 339
0, 394, 378
0, 313, 300
0, 165, 157
0, 57, 53
0, 12, 9
0, 0, -1
0, 0, -1
0, 0, -1
0, 0, -1
0, 0, -1
0, 0, -1
0, 0, -1
0, 0, -1
0, 0, -1
0, 0, -1
0, 0, -1
0, 0, -1
0, 0, -1
0, 0, -1
0, 25, 21
0.71, 314, 301
1.71, 462, 444
1.48, 446, 428
1.35, 424, 408
1.38, 422, 405
1.53, 436, 420
1.7, 454, 436
1.71, 393, 377
0.36, 134, 128
0, 0, -1
0, 0, -1
0, 0, -1
0, 0, -1
0, 0, -1
0, 0, -1
0, 0, -1
0, 0, -1
0, 0, -1
0, 0, -1
0, 0, -1
0, 0, -1
0, 0, -1
0, 0, -1
0, 33, 30
0.56, 323, 310
0.77, 347, 333
0.1, 170, 162
0, 241, 231
0, 252, 242
0, 215, 206
0, 213, 204
0, 151, 144
0, 74, 69
0, 0, -1
0, 0, -1
0, 0, -1
0, 0, -1
0, 0, -1
0, 0, -1
0, 0, -1
0, 0, -1
0, 0, -1
0, 0, -1
0, 0, -1
0, 0, -1
0, 0, -1
0, 0, -1
0, 21, 17
0.67, 295, 282
1.6, 439, 423
1.38, 420, 403
1.26, 401, 385
1.3, 401, 386
1.44, 416, 400
1.59, 430, 414
1.56, 367, 353
0.3, 120, 114
0, 0, -1
0, 0, -1
0, 0, -1
0, 0, -1
0, 0, -1
0, 0, -1
0, 0, -1
0, 0, -1
0, 0, -1
0, 0, -1
0, 0, -1
0, 0, -1
0, 0, -1
0, 0, -1
0, 19, 15
0.65, 285, 273
1.56, 434, 417
1.36, 418, 401
1.24, 398, 382
1.26, 395, 379
1.41, 412, 396
1.58, 428, 411
1.57, 367, 352
0.3, 119, 112
0, 0, -1
0, 0, -1
0, 0, -1
0, 0, -1
0, 0, -1
0, 0, -1
0, 0, -1
0, 0, -1
0, 0, -1
0, 0, -1
0, 0, -1
0, 0, -1
0, 0, -1
0, 0, -1
0, 0, -1
0, 223, 213
0, 222, 213
0, 149, 142
0, 226, 217
0, 176, 168
0, 128, 122
0, 89, 83
0, 41, 37
0, 0, -1
0, 0, -1
0, 0, -1
0, 0, -1
0, 0, -1
0, 0, -1
0, 0, -1
0, 0, -1
0, 0, -1
0, 0, -1
0, 0, -1
0, 0, -1
0, 0, -1
0, 0, -1
0, 0, -1
0, 15, 11
0, 235, 225
0, 310, 297
0, 326, 313
0, 330, 317
0, 355, 341
0.64, 373, 358
1.3, 391, 375
1.35, 341, 328
0.25, 109, 103
0, 0, -1
0, 0, -1
0, 0, -1
0, 0, -1
0, 0, -1
0, 0, -1
0, 0, -1
0, 0, -1
0, 0, -1
0, 0, -1
0, 0, -1
0, 0, -1
0, 0, -1
0, 0, -1
0, 18, 14
0.66, 287, 275
1.63, 453, 436
1.41, 436, 419
1.28, 416, 400
1.31, 414, 397
1.46, 432, 416
1.63, 450, 433
1.63, 382, 367
0.32, 125, 119
0, 0, -1
0, 0, -1
0, 0, -1
0, 0, -1
0, 0, -1
0, 0, -1
0, 0, -1
0, 0, -1
0, 0, -1
0, 0, -1
0, 0, -1
0, 0, -1
0, 0, -1
0, 0, -1
0, 15, 11
0.61, 265, 254
1.48, 417, 400
1.28, 400, 385
1.17, 382, 367
1.17, 376, 361
1.3, 389, 373
1.46, 405, 389
1.39, 339, 325
0, 102, 96
0, 0, -1
0, 0, -1
0, 0, -1
0, 0, -1
0, 0, -1
0, 0, -1
0, 0, -1
0, 0, -1
0, 0, -1
0, 0, -1
0, 0, -1
0, 0, -1
0, 0, -1
0, 0, -1
0, 13, 9
0, 238, 228
1, 383, 368
1.12, 382, 367
1.03, 368, 353
1, 360, 345
1.09, 371, 356
1.18, 374, 360
1.17, 325, 312
0, 101, 96
0, 0, -1
0, 0, -1
0, 0, -1
0, 0, -1
0, 0, -1
0, 0, -1
0, 0, -1
0, 0, -1
0, 0, -1
0, 0, -1
0, 0, -1
0, 0, -1
0, 0, -1
0, 0, -1
0, 13, 9
0.66, 258, 247
1.46, 419, 402
1.28, 405, 389
1.15, 385, 370
1.14, 377, 362
1.27, 389, 374
1.48, 405, 389
1.33, 346, 332
0, 105, 99
0, 0, -1
0, 0, -1
0, 0, -1
0, 0, -1
0, 0, -1
0, 0, -1
0, 0, -1
0, 0, -1
0, 0, -1
0, 0, -1
0, 0, -1
0, 0, -1
0, 0, -1
0, 0, -1
0, 0, -1
0, 145, 138
0, 205, 195
0, 310, 297
0, 278, 267
0, 323, 310
0, 299, 287
0, 330, 317
0, 298, 286
0, 120, 114
0, 0, -1
0, 0, -1
0, 0, -1
0, 0, -1
0, 0, -1
0, 0, -1
0, 0, -1
0, 0, -1
0, 0, -1
0, 0, -1
0, 0, -1
0, 0, -1
0, 0, -1
0, 0, -1
0, 12, 8
0, 241, 231
0.97, 398, 383
1.14, 388, 373
1.05, 372, 358
1.05, 368, 354
1.12, 374, 359
1.29, 391, 376
1.3, 334, 320
0.23, 102, 96
0, 0, -1
0, 0, -1
0, 0, -1
0, 0, -1
0, 0, -1
0, 0, -1
0, 0, -1
0, 0, -1
0, 0, -1
0, 0, -1
0, 0, -1
0, 0, -1
0, 0, -1
0, 0, -1
0, 23, 19
0, 171, 163
0, 74, 68
0, 169, 161
0, 303, 291
0.48, 434, 417
0.9, 391, 376
0.15, 170, 162
0, 24, 21
0, 0, -1
0, 0, -1
0, 0, -1
0, 0, -1
0, 0, -1
0, 0, -1
0, 0, -1
0, 0, -1
0, 0, -1
0, 0, -1
0, 0, -1
0, 0, -1
0, 0, -1
0, 0, -1
0, 0, -1
0, 12, 8
0, 257, 247
0, 437, 420
0, 422, 405
0, 402, 386
0, 396, 381
0, 413, 397
0, 432, 415
0, 369, 354
0, 121, 115
0, 0, -1
0, 0, -1
0, 0, -1
0, 0, -1
0, 0, -1
0, 0, -1
0, 0, -1
0, 0, -1
0, 0, -1
0, 0, -1
0, 0, -1
0, 0, -1
0, 0, -1
0, 0, -1
0, 9, 6
0, 177, 169
0, 254, 243
0, 320, 307
0, 316, 304
0, 265, 254
0, 262, 251
0, 344, 330
0, 251, 240
0, 76, 71
0, 0, -1
0, 0, -1
0, 0, -1
0, 0, -1
0, 0, -1
0, 0, -1
0, 0, -1
0, 0, -1
0, 0, -1
0, 0, -1
0, 0, -1
0, 0, -1
0, 0, -1
0, 0, -1
0, 10, 7
0, 231, 221
0.8, 404, 388
0.98, 375, 360
0.83, 348, 334
0.91, 353, 339
1.01, 369, 354
1.02, 360, 346
0.99, 301, 288
0.2, 91, 86
0, 0, -1
0, 0, -1
0, 0, -1
0, 0, -1
0, 0, -1
0, 0, -1
0, 0, -1
0, 0, -1
0, 0, -1
0, 0, -1
0, 0, -1
0, 0, -1
0, 0, -1
0, 0, -1
0, 7, 4
0, 196, 187
0, 309, 296
0, 311, 299
0, 321, 308
0, 327, 314
0, 327, 314
0, 347, 333
0, 281, 270
0, 86, 80
0, 0, -1
0, 0, -1
0, 0, -1
0, 0, -1
0, 0, -1
0, 0, -1
0, 0, -1
0, 0, -1
0, 0, -1
0, 0, -1
0, 0, -1
0, 0, -1
0, 0, -1
0, 0, -1
0, 9, 6
0, 239, 229
1.12, 423, 407
1.3, 409, 393
1.16, 388, 373
1.19, 384, 369
1.33, 401, 386
1.48, 418, 402
1.47, 362, 348
0.3, 119, 112
0, 0, -1
0, 0, -1
0, 0, -1
0, 0, -1
0, 0, -1
0, 0, -1
0, 0, -1
0, 0, -1
0, 0, -1
0, 0, -1
0, 0, -1
0, 0, -1
0, 0, -1
0, 0, -1
0, 9, 6
0.58, 241, 231
1.56, 432, 415
1.36, 417, 401
1.22, 395, 380
1.23, 389, 373
1.38, 407, 391
1.56, 426, 410
1.58, 373, 358
0.34, 124, 118
0, 0, -1
0, 0, -1
0, 0, -1
0, 0, -1
0, 0, -1
0, 0, -1
0, 0, -1
0, 0, -1
0, 0, -1
0, 0, -1
0, 0, -1
0, 0, -1
0, 0, -1
0, 0, -1
0, 9, 6
0, 175, 167
0.93, 414, 398
1.07, 433, 417
0.38, 299, 287
0.03, 175, 167
0, 120, 114
0, 158, 150
0, 46, 42
0, 63, 58
0, 0, -1
0, 0, -1
0, 0, -1
0, 0, -1
0, 0, -1
0, 0, -1
0, 0, -1
0, 0, -1
0, 0, -1
0, 0, -1
0, 0, -1
0, 0, -1
0, 0, -1
0, 0, -1
0, 7, 4
0, 192, 183
0, 310, 298
0, 345, 331
0, 345, 331
0, 326, 313
0, 343, 330
0, 341, 328
0, 280, 269
0, 77, 72
0, 0, -1
0, 0, -1
0, 0, -1
0, 0, -1
0, 0, -1
0, 0, -1
0, 0, -1
0, 0, -1
0, 0, -1
0, 0, -1
0, 0, -1
0, 0, -1
0, 0, -1
0, 0, -1
0, 8, 5
0, 221, 212
0.98, 407, 391
1.29, 403, 387
1.16, 383, 368
1.15, 374, 359
1.29, 390, 375
1.47, 410, 394
1.49, 362, 348
0.31, 120, 114
0, 0, -1
0, 0, -1
0, 0, -1
0, 0, -1
0, 0, -1
0, 0, -1
0, 0, -1
0, 0, -1
0, 0, -1
0, 0, -1
0, 0, -1
0, 0, -1
0, 0, -1
0, 0, -1
0, 7, 4
0, 221, 212
1.15, 415, 398
1.33, 402, 387
1.2, 383, 368
1.21, 376, 361
1.35, 394, 378
1.53, 414, 398
1.56, 364, 350
0.34, 124, 118
0, 0, -1
0, 0, -1
0, 0, -1
0, 0, -1
0, 0, -1
0, 0, -1
0, 0, -1
0, 0, -1
0, 0, -1
0, 0, -1
0, 0, -1
0, 0, -1
0, 0, -1
0, 0, -1
0, 7, 4
0, 218, 209
1.09, 407, 391
1.23, 389, 374
1.1, 370, 355
1.12, 365, 350
1.23, 377, 362
1.36, 389, 373
1.36, 346, 332
0.27, 111, 105
0, 0, -1
0, 0, -1
0, 0, -1
0, 0, -1
0, 0, -1
0, 0, -1
0, 0, -1
0, 0, -1
0, 0, -1
0, 0, -1
0, 0, -1
0, 0, -1
0, 0, -1
0, 0, -1
0, 0, -1
0, 190, 181
0.71, 362, 348
0.8, 338, 325
0.71, 328, 315
0.5, 293, 282
0.75, 333, 320
0.68, 293, 281
0.79, 271, 260
0.24, 103, 98
0, 0, -1
0, 0, -1
0, 0, -1
0, 0, -1
0, 0, -1
0, 0, -1
0, 0, -1
0, 0, -1
0, 0, -1
0, 0, -1
0, 0, -1
0, 0, -1
0, 0, -1
0, 0, -1
0, 0, -1
0, 160, 152
0, 284, 272
0, 330, 317
0, 334, 321
0, 318, 306
0, 241, 231
0, 106, 100
0, 155, 148
0, 13, 9
0, 0, -1
0, 0, -1
0, 0, -1
0, 0, -1
0, 0, -1
0, 0, -1
0, 0, -1
0, 0, -1
0, 0, -1
0, 0, -1
0, 0, -1
0, 0, -1
0, 0, -1
0, 0, -1
0, 0, -1
0, 108, 102
0, 238, 228
0, 265, 255
0, 211, 202
0, 273, 262
0, 348, 334
0, 370, 355
0, 158, 151
0, 51, 47
0, 0, -1
0, 0, -1
0, 0, -1
0, 0, -1
0, 0, -1
0, 0, -1
0, 0, -1
0, 0, -1
0, 0, -1
0, 0, -1
0, 0, -1
0, 0, -1
0, 0, -1
0, 0, -1
0, 0, -1
0, 213, 204
1.06, 409, 393
1.21, 397, 381
1, 367, 353
1.01, 360, 346
1.13, 374, 359
1.33, 395, 379
1.33, 355, 341
0.29, 121, 115
0, 0, -1
0, 0, -1
0, 0, -1
0, 0, -1
0, 0, -1
0, 0, -1
0, 0, -1
0, 0, -1
0, 0, -1
0, 0, -1
0, 0, -1
0, 0, -1
0, 0, -1
0, 0, -1
0, 0, -1
0, 208, 199
0.54, 362, 347
0.83, 357, 342
0.64, 329, 316
0.61, 323, 310
0.66, 317, 304
0.96, 348, 334
1.2, 343, 330
0.3, 120, 114
0, 0, -1
0, 0, -1
0, 0, -1
0, 0, -1
0, 0, -1
0, 0, -1
0, 0, -1
0, 0, -1
0, 0, -1
0, 0, -1
0, 0, -1
0, 0, -1
0, 0, -1
0, 0, -1
0, 7, 4
0, 207, 197
0.9, 400, 384
1.05, 382, 367
0.84, 357, 343
0.74, 332, 319
0.85, 350, 336
0.77, 323, 310
0.75, 283, 271
0.19, 93, 87
0, 0, -1
0, 0, -1
0, 0, -1
0, 0, -1
0, 0, -1
0, 0, -1
0, 0, -1
0, 0, -1
0, 0, -1
0, 0, -1
0, 0, -1
0, 0, -1
0, 0, -1
0, 0, -1
0, 0, -1
0, 185, 176
0, 348, 334
0, 372, 358
0, 363, 348
0, 355, 341
0, 362, 347
0.81, 380, 365
1.11, 338, 325
0.24, 116, 109
0, 0, -1
0, 0, -1
0, 0, -1
0, 0, -1
0, 0, -1
0, 0, -1
0, 0, -1
0, 0, -1
0, 0, -1
0, 0, -1
0, 0, -1
0, 0, -1
0, 0, -1
0, 0, -1
0, 0, -1
0, 200, 191
0.95, 402, 386
1.14, 391, 376
1.03, 372, 358
0.98, 358, 344
1.09, 372, 357
1.25, 385, 370
1.34, 362, 348
0.32, 129, 122
0, 0, -1
0, 0, -1
0, 0, -1
0, 0, -1
0, 0, -1
0, 0, -1
0, 0, -1
0, 0, -1
0, 0, -1
0, 0, -1
0, 0, -1
0, 0, -1
0, 0, -1
0, 0, -1
0, 0, -1
0, 190, 181
0.81, 381, 366
1.04, 377, 362
0.96, 365, 350
0.92, 352, 338
1.02, 364, 349
1.13, 375, 360
1.12, 338, 324
0.3, 121, 115
0, 0, -1
0, 0, -1
0, 0, -1
0, 0, -1
0, 0, -1
0, 0, -1
0, 0, -1
0, 0, -1
0, 0, -1
0, 0, -1
0, 0, -1
0, 0, -1
0, 0, -1
0, 0, -1
0, 0, -1
0, 196, 187
0.97, 396, 381
1.22, 394, 379
1.08, 374, 359
1.02, 359, 345
1.13, 372, 357
1.25, 384, 369
1.26, 351, 337
0.35, 129, 123
0, 0, -1
0, 0, -1
0, 0, -1
0, 0, -1
0, 0, -1
0, 0, -1
0, 0, -1
0, 0, -1
0, 0, -1
0, 0, -1
0, 0, -1
0, 0, -1
0, 0, -1
0, 0, -1
0, 0, -1
0, 176, 168
0, 343, 329
0, 353, 339
0, 344, 330
0, 333, 320
0, 338, 325
0, 344, 331
0, 315, 302
0, 119, 112
0, 0, -1
0, 0, -1
0, 0, -1
0, 0, -1
0, 0, -1
0, 0, -1
0, 0, -1
0, 0, -1
0, 0, -1
0, 0, -1
0, 0, -1
0, 0, -1
0, 0, -1
0, 0, -1
0, 0, -1
0, 194, 185
1, 393, 378
1.18, 392, 376
1.08, 375, 361
1.11, 370, 356
1.23, 387, 372
1.32, 396, 380
1.34, 369, 354
0.35, 137, 130
0, 0, -1
0, 0, -1
0, 0, -1
0, 0, -1
0, 0, -1
0, 0, -1
0, 0, -1